Start	End	Length	Ratio	Motif
69	73	2	2.50	ag
75	78	2	2.00	at
84	87	2	2.00	at
98	103	3	2.00	taa
105	108	2	2.00	at
109	112	2	2.00	tc
126	129	2	2.00	ag
179	182	2	2.00	ga
189	194	2	3.00	ac
258	272	6	2.50	caaatt
283	288	3	2.00	gaa
290	297	4	2.00	cata
297	300	2	2.00	ag
313	316	2	2.00	tc
323	326	2	2.00	ca
335	340	3	2.00	aac
343	346	2	2.00	ga
345	353	4	2.25	gact
374	378	2	2.50	ag
400	403	2	2.00	tg
402	407	3	2.00	tgc
408	411	2	2.00	ca
425	430	3	2.00	tgc
481	484	2	2.00	ca
488	491	2	2.00	ct
493	498	3	2.00	acc
494	503	5	2.00	ccacc
499	504	3	2.00	cca
528	531	2	2.00	ca
532	537	3	2.00	atc
538	541	2	2.00	ca
562	567	3	2.00	tcc
591	596	3	2.00	cag
597	600	2	2.00	at
630	636	3	2.33	gat
639	644	3	2.00	tct
652	656	2	2.50	ct
662	665	2	2.00	ct
672	676	2	2.50	tc
677	681	2	2.50	ga
712	718	3	2.33	gaa
724	728	2	2.50	tc
765	770	3	2.00	caa
782	785	2	2.00	ag
800	803	2	2.00	at
804	808	2	2.50	ca
806	811	3	2.00	cac
809	812	2	2.00	ca
828	833	3	2.00	act
884	889	2	3.00	ag
892	906	6	2.50	agaaag
896	900	2	2.50	ag
902	908	2	3.50	ag
904	913	5	2.00	agaga
906	911	3	2.00	aga
909	913	2	2.50	ag
918	926	2	4.50	ag
953	956	2	2.00	ag
966	969	2	2.00	at
985	992	4	2.00	taaa
995	1000	3	2.00	aat
1009	1012	2	2.00	ta
1014	1017	2	2.00	ct
1017	1021	2	2.50	tg
1021	1025	2	2.50	tc
1025	1030	3	2.00	taa
1074	1077	2	2.00	ca
1077	1080	2	2.00	at
1096	1099	2	2.00	at
1108	1116	2	4.50	ga
1145	1148	2	2.00	ca
1155	1158	2	2.00	at
1164	1168	2	2.50	ct
1172	1175	2	2.00	ac
1182	1188	3	2.33	ctt
1212	1215	2	2.00	tg
1218	1223	3	2.00	tga
1250	1255	2	3.00	ag
1259	1263	2	2.50	ac
1273	1282	4	2.50	gaca
1280	1286	3	2.33	aga
1299	1302	2	2.00	ag
1323	1327	2	2.50	ta
1334	1337	2	2.00	at
1390	1393	2	2.00	ta
1420	1424	2	2.50	ac
1427	1433	2	3.50	at
1455	1459	2	2.50	gt
1474	1477	2	2.00	at
1493	1496	2	2.00	ta
1498	1503	3	2.00	tgc
1507	1510	2	2.00	gt
1532	1536	2	2.50	tc
1546	1551	3	2.00	cct
1631	1638	4	2.00	tctt
1659	1663	2	2.50	ca
1669	1672	2	2.00	ta
1691	1697	3	2.33	ttc
1707	1718	6	2.00	agcatg
1745	1750	3	2.00	aag
1783	1788	3	2.00	cct
1802	1805	2	2.00	gt
1902	1905	2	2.00	ac
1903	1908	3	2.00	cac
1920	1924	2	2.50	gt
1928	1931	2	2.00	ga
1931	1938	4	2.00	aaac
1981	1984	2	2.00	ga
1997	2000	2	2.00	ga
2022	2029	4	2.00	cttt
2041	2046	3	2.00	agg
2059	2062	2	2.00	ta
