Start	End	Length	Ratio	Motif
14	17	2	2.00	ta
21	24	2	2.00	ag
24	27	2	2.00	gt
27	30	2	2.00	ta
41	49	2	4.50	ag
65	68	2	2.00	ga
76	79	2	2.00	ga
86	90	2	2.50	ct
114	119	2	3.00	ct
127	130	2	2.00	gt
169	172	2	2.00	tg
175	178	2	2.00	tg
183	186	2	2.00	ct
227	230	2	2.00	tg
229	235	3	2.33	tgc
238	243	3	2.00	gtg
241	244	2	2.00	gt
244	248	2	2.50	ta
280	284	2	2.50	ac
300	303	2	2.00	ag
326	329	2	2.00	tc
328	335	4	2.00	tcag
348	351	2	2.00	ca
373	376	2	2.00	ca
383	386	2	2.00	ga
399	404	3	2.00	agg
402	425	8	3.00	agggtgca
446	451	2	3.00	ga
473	480	3	2.67	aag
506	511	3	2.00	agg
552	556	2	2.50	ct
574	577	2	2.00	ga
578	581	2	2.00	tc
588	591	2	2.00	ct
604	607	2	2.00	ca
607	610	2	2.00	ag
634	639	3	2.00	ctg
638	641	2	2.00	tg
652	655	2	2.00	ca
666	675	5	2.00	gcctg
677	682	2	3.00	ag
687	693	2	3.50	ct
699	704	2	3.00	ca
708	713	3	2.00	cca
759	765	3	2.33	ggc
763	766	2	2.00	gc
774	779	3	2.00	tgc
803	808	3	2.00	tgt
809	814	3	2.00	agg
810	818	4	2.25	ggag
835	840	2	3.00	ag
861	866	2	3.00	ca
886	889	2	2.00	ga
925	931	3	2.33	agc
958	961	2	2.00	ca
967	973	3	2.33	gaa
980	983	2	2.00	ct
1009	1012	2	2.00	gt
1012	1018	3	2.33	tct
1053	1058	3	2.00	ttg
1065	1070	3	2.00	tgc
1081	1088	4	2.00	tgtt
1088	1094	3	2.33	taa
1106	1112	2	3.50	ga
1112	1119	4	2.00	gtgg
1115	1120	3	2.00	ggt
1124	1127	2	2.00	ga
1145	1151	3	2.33	tcc
1166	1169	2	2.00	ag
1172	1175	2	2.00	ga
1208	1211	2	2.00	tg
1228	1231	2	2.00	ga
1237	1240	2	2.00	ga
1242	1247	2	3.00	ga
1248	1251	2	2.00	ct
1252	1255	2	2.00	ag
1253	1261	4	2.25	gagg
1296	1302	3	2.33	ttc
1306	1311	2	3.00	at
1351	1354	2	2.00	ac
1362	1365	2	2.00	ct
1370	1373	2	2.00	ag
1376	1379	2	2.00	ga
1423	1428	3	2.00	tgg
1424	1431	4	2.00	ggtg
1442	1445	2	2.00	ga
1468	1474	2	3.50	ac
1485	1490	3	2.00	ggc
1491	1499	4	2.25	actg
1509	1514	3	2.00	tct
1551	1560	5	2.00	ggagg
1560	1565	2	3.00	gt
1567	1570	2	2.00	tg
1568	1575	4	2.00	gtga
1584	1592	4	2.25	tatg
1612	1617	3	2.00	ctg
1622	1625	2	2.00	ga
1628	1633	2	3.00	ag
1677	1682	3	2.00	caa
1685	1688	2	2.00	ca
1742	1746	2	2.50	at
1746	1760	7	2.14	aaatata
1748	1752	2	2.50	at
1755	1759	2	2.50	at
1769	1772	2	2.00	ta
1781	1787	2	3.50	at
1806	1812	3	2.33	aga
1811	1817	3	2.33	aac
1821	1824	2	2.00	tg
1825	1829	2	2.50	ac
1834	1840	3	2.33	aat
1838	1841	2	2.00	at
1848	1851	2	2.00	ca
1857	1860	2	2.00	gt
1883	1887	2	2.50	ac
1895	1898	2	2.00	ct
1900	1907	4	2.00	catg
1915	1918	2	2.00	tg
1933	1936	2	2.00	ca
1935	1940	3	2.00	cag
1939	1942	2	2.00	ag
1953	1959	3	2.33	gca
1958	1962	2	2.50	ag
1964	1969	2	3.00	tg
1981	1984	2	2.00	ca
1986	1989	2	2.00	at
1999	2002	2	2.00	gc
2006	2011	3	2.00	gca
2048	2051	2	2.00	ag
2057	2061	2	2.50	ga
2065	2070	3	2.00	gaa
2078	2082	2	2.50	ga
2094	2097	2	2.00	ga
2107	2112	3	2.00	gca
2117	2120	2	2.00	ga
2127	2130	2	2.00	ct
2130	2133	2	2.00	ta
2147	2151	2	2.50	gt
2154	2157	2	2.00	tg
2227	2232	3	2.00	gga
2275	2278	2	2.00	ac
2276	2281	3	2.00	cac
2302	2305	2	2.00	ag
2307	2310	2	2.00	ga
2316	2319	2	2.00	tc
2319	2337	4	4.75	caaa
2333	2338	3	2.00	aac
2339	2350	4	3.00	caaa
2354	2363	5	2.00	aaccc
2441	2446	3	2.00	tgg
2479	2482	2	2.00	ga
2542	2545	2	2.00	ca
2562	2567	3	2.00	tta
2623	2626	2	2.00	ct
2675	2679	2	2.50	at
2688	2691	2	2.00	ca
2698	2701	2	2.00	tg
2721	2724	2	2.00	ct
2736	2741	3	2.00	tcc
2787	2791	2	2.50	gt
2793	2796	2	2.00	ga
2797	2803	3	2.33	agc
2818	2821	2	2.00	tg
2826	2833	4	2.00	ctgg
2835	2838	2	2.00	at
2838	2841	2	2.00	tg
2843	2851	4	2.25	tagg
2889	2892	2	2.00	ct
2900	2903	2	2.00	ga
2918	2921	2	2.00	tg
2923	2926	2	2.00	ag
2929	2934	2	3.00	ca
2943	2947	2	2.50	ac
2953	2958	3	2.00	atg
2960	2964	2	2.50	ac
2969	2973	2	2.50	gt
3005	3008	2	2.00	gt
3024	3027	2	2.00	tg
3031	3038	3	2.67	ggt
3034	3041	4	2.00	ggtg
3039	3042	2	2.00	gt
3055	3058	2	2.00	ca
3081	3084	2	2.00	gt
3084	3091	4	2.00	tcac
3094	3097	2	2.00	tc
3122	3125	2	2.00	tc
3137	3140	2	2.00	gt
3140	3146	3	2.33	ttc
3166	3170	2	2.50	tc
3171	3178	4	2.00	tccc
3187	3191	2	2.50	ga
3195	3198	2	2.00	ag
3221	3228	3	2.67	ctc
3227	3232	3	2.00	ctg
3238	3243	3	2.00	act
3251	3254	2	2.00	tc
3276	3281	3	2.00	atg
3284	3288	2	2.50	ga
3304	3309	3	2.00	cca
3308	3313	3	2.00	cag
3320	3323	2	2.00	ga
3385	3391	3	2.33	cta
3404	3407	2	2.00	ga
3415	3420	3	2.00	gaa
3429	3432	2	2.00	tc
3444	3447	2	2.00	tc
3447	3453	3	2.33	cgg
3483	3488	2	3.00	ca
3568	3573	3	2.00	cct
3575	3579	2	2.50	ca
3579	3583	2	2.50	ct
3608	3611	2	2.00	ac
3611	3614	2	2.00	cg
3624	3627	2	2.00	ct
3638	3641	2	2.00	ca
3672	3675	2	2.00	ac
3698	3701	2	2.00	ct
3704	3708	2	2.50	ca
3720	3723	2	2.00	ac
3724	3727	2	2.00	tg
3730	3733	2	2.00	ca
3758	3763	3	2.00	aag
3781	3784	2	2.00	tg
3803	3808	3	2.00	aag
3851	3855	2	2.50	ga
3868	3872	2	2.50	ta
3881	3885	2	2.50	ca
3883	3889	3	2.33	cac
3907	3912	3	2.00	ttg
3922	3927	2	3.00	at
3940	3947	4	2.00	gtaa
3954	3958	2	2.50	tg
3992	3995	2	2.00	tg
3995	3998	2	2.00	ga
4000	4005	3	2.00	tgt
4016	4019	2	2.00	ct
4020	4025	3	2.00	gta
4038	4046	4	2.25	ttcc
4057	4060	2	2.00	at
4062	4067	3	2.00	ttc
4073	4078	3	2.00	aat
4080	4083	2	2.00	ta
4092	4095	2	2.00	ta
4127	4130	2	2.00	at
4142	4145	2	2.00	ct
4198	4202	2	2.50	tc
4244	4249	2	3.00	ta
4270	4274	2	2.50	ag
4302	4306	2	2.50	tg
4323	4330	4	2.00	taaa
4341	4346	2	3.00	ca
4355	4362	4	2.00	catt
4374	4377	2	2.00	tg
4418	4422	2	2.50	ag
4453	4456	2	2.00	at
4456	4460	2	2.50	tc
4460	4463	2	2.00	ta
4475	4480	3	2.00	ttg
4504	4511	4	2.00	aata
4517	4520	2	2.00	ta
4562	4565	2	2.00	at
4580	4583	2	2.00	ga
4596	4600	2	2.50	tc
4614	4617	2	2.00	ag
4619	4624	3	2.00	caa
4624	4635	6	2.00	aatgtt
4646	4651	3	2.00	ttc
4662	4669	2	4.00	ca
4669	4674	2	3.00	at
4678	4683	2	3.00	ca
4696	4700	2	2.50	gt
4703	4708	3	2.00	aac
4717	4722	2	3.00	gt
4736	4741	3	2.00	tca
4741	4745	2	2.50	ag
4748	4752	2	2.50	ga
4774	4777	2	2.00	ga
4782	4785	2	2.00	ta
4798	4803	2	3.00	ca
4829	4832	2	2.00	ag
4835	4841	3	2.33	aag
4839	4842	2	2.00	ag
4853	4859	2	3.50	ag
4886	4889	2	2.00	ag
4893	4896	2	2.00	ag
4904	4908	2	2.50	ta
4929	4932	2	2.00	ag
4933	4938	3	2.00	tgc
4968	4971	2	2.00	tg
4982	4988	3	2.33	gct
4987	4993	3	2.33	tgt
5024	5027	2	2.00	ga
5047	5052	2	3.00	ca
5052	5055	2	2.00	ag
5058	5063	3	2.00	ctg
5071	5079	3	3.00	cat
5078	5081	2	2.00	at
5100	5103	2	2.00	ag
5121	5124	2	2.00	tc
5124	5127	2	2.00	ca
5229	5232	2	2.00	tg
5299	5303	2	2.50	ca
5341	5344	2	2.00	at
5392	5396	2	2.50	tc
5395	5400	3	2.00	cta
5440	5443	2	2.00	ca
5480	5483	2	2.00	ga
5514	5517	2	2.00	ga
5523	5529	3	2.33	cca
5527	5531	2	2.50	ca
5531	5534	2	2.00	ct
5532	5541	5	2.00	tctgg
5552	5555	2	2.00	ga
5556	5559	2	2.00	ct
5561	5564	2	2.00	tc
5607	5610	2	2.00	ta
5624	5634	4	2.75	aagg
5633	5637	2	2.50	ag
5641	5647	3	2.33	agt
5751	5758	3	2.67	cca
5765	5768	2	2.00	ca
5772	5777	3	2.00	cct
5789	5795	3	2.33	cct
5795	5799	2	2.50	ca
5817	5822	3	2.00	cat
5823	5826	2	2.00	tg
5842	5845	2	2.00	ac
5845	5848	2	2.00	ct
5852	5855	2	2.00	ct
5871	5880	4	2.50	tccc
5878	5881	2	2.00	ct
5950	5956	3	2.33	cag
5961	5964	2	2.00	tg
5968	5973	3	2.00	gaa
5996	5999	2	2.00	tc
6005	6008	2	2.00	at
6010	6013	2	2.00	tg
6031	6034	2	2.00	at
6034	6038	2	2.50	tc
6039	6042	2	2.00	ac
6054	6062	4	2.25	ccta
6063	6066	2	2.00	at
6066	6069	2	2.00	tc
6072	6076	2	2.50	ct
6080	6085	3	2.00	aac
6086	6089	2	2.00	ta
6087	6093	3	2.33	ata
6106	6109	2	2.00	tc
6115	6120	3	2.00	tcc
6150	6153	2	2.00	tc
6164	6167	2	2.00	ga
6192	6197	2	3.00	tc
6199	6204	3	2.00	tct
6202	6205	2	2.00	tc
6231	6236	3	2.00	tct
6234	6237	2	2.00	tc
6273	6276	2	2.00	ca
6288	6294	3	2.33	cct
6292	6296	2	2.50	ct
6295	6301	3	2.33	tca
6305	6310	3	2.00	agt
6318	6321	2	2.00	ct
6338	6341	2	2.00	ct
6345	6349	2	2.50	ca
6349	6352	2	2.00	ct
6357	6360	2	2.00	tc
6358	6363	3	2.00	ctc
6361	6367	2	3.50	ct
6370	6373	2	2.00	tc
6398	6403	2	3.00	ct
6420	6426	3	2.33	ttc
6424	6428	2	2.50	tc
6441	6444	2	2.00	ca
6444	6447	2	2.00	at
6463	6466	2	2.00	ct
6471	6476	2	3.00	tc
6603	6606	2	2.00	ac
6620	6627	4	2.00	ctgg
6626	6631	3	2.00	gga
6636	6639	2	2.00	ct
6639	6642	2	2.00	tg
6662	6667	3	2.00	ctt
6687	6690	2	2.00	tg
6692	6695	2	2.00	ga
6699	6706	4	2.00	catt
6739	6744	3	2.00	tga
6743	6746	2	2.00	ga
6747	6751	2	2.50	ac
6749	6754	3	2.00	aca
6767	6772	3	2.00	atg
6771	6776	3	2.00	tgc
6834	6841	4	2.00	ggat
6849	6852	2	2.00	ga
6860	6863	2	2.00	gt
6871	6874	2	2.00	tc
6896	6899	2	2.00	ga
6904	6907	2	2.00	ag
6919	6923	2	2.50	ag
6938	6943	3	2.00	aac
6944	6949	3	2.00	ttg
6954	6957	2	2.00	ag
6965	6969	2	2.50	gt
7039	7044	2	3.00	ag
7048	7051	2	2.00	ac
7060	7065	2	3.00	ga
7068	7071	2	2.00	tc
7077	7080	2	2.00	ct
7081	7084	2	2.00	ga
7106	7112	3	2.33	atg
7114	7118	2	2.50	ct
7123	7127	2	2.50	ta
7133	7136	2	2.00	at
7146	7149	2	2.00	ct
7166	7169	2	2.00	ca
7180	7183	2	2.00	ag
7203	7206	2	2.00	ct
7214	7217	2	2.00	ca
7235	7238	2	2.00	ct
7241	7246	2	3.00	ct
7257	7260	2	2.00	ct
7260	7263	2	2.00	tg
7270	7273	2	2.00	ag
7330	7337	4	2.00	tcca
7373	7376	2	2.00	ct
7404	7410	2	3.50	at
7434	7437	2	2.00	ca
7438	7441	2	2.00	tg
7453	7458	2	3.00	ca
7465	7470	3	2.00	atg
7471	7476	2	3.00	ga
7519	7522	2	2.00	ca
7527	7530	2	2.00	ta
7533	7536	2	2.00	ag
7575	7578	2	2.00	tc
7592	7595	2	2.00	ac
7597	7600	2	2.00	ca
7610	7613	2	2.00	ct
7616	7619	2	2.00	ag
7636	7639	2	2.00	ga
7643	7646	2	2.00	ca
7644	7651	4	2.00	acag
7649	7654	3	2.00	cag
7694	7697	2	2.00	tg
7701	7706	3	2.00	ggt
7723	7726	2	2.00	tg
7748	7751	2	2.00	ag
7758	7763	2	3.00	ag
7766	7771	3	2.00	cca
7772	7777	3	2.00	agg
7779	7782	2	2.00	ct
7786	7791	3	2.00	cag
7853	7858	3	2.00	aag
7861	7864	2	2.00	ag
7881	7884	2	2.00	tc
7944	7947	2	2.00	tc
8001	8008	4	2.00	aagt
8007	8012	3	2.00	gtc
8030	8034	2	2.50	ag
8089	8092	2	2.00	ca
8098	8101	2	2.00	tc
8102	8105	2	2.00	ag
8111	8116	2	3.00	gt
8141	8146	3	2.00	cca
8164	8169	3	2.00	gtg
8180	8183	2	2.00	ga
8183	8187	2	2.50	at
8188	8191	2	2.00	gt
8211	8216	2	3.00	ag
8217	8221	2	2.50	ct
8237	8241	2	2.50	ac
8252	8258	2	3.50	ag
8279	8286	3	2.67	gga
8315	8318	2	2.00	tc
8336	8345	4	2.50	aggc
8367	8370	2	2.00	ga
8400	8403	2	2.00	ct
8402	8407	3	2.00	cta
8426	8435	5	2.00	tggtg
8428	8432	2	2.50	gt
8430	8436	3	2.33	gtg
8439	8446	3	2.67	ggt
8469	8474	3	2.00	agg
8484	8487	2	2.00	ga
8508	8511	2	2.00	ag
8519	8522	2	2.00	tg
8526	8530	2	2.50	ag
8562	8571	4	2.50	agtg
8569	8572	2	2.00	ga
8578	8581	2	2.00	tc
8605	8608	2	2.00	ag
8614	8619	2	3.00	ag
8615	8624	5	2.00	gagag
8617	8622	3	2.00	gag
8620	8625	2	3.00	ga
8625	8629	2	2.50	ac
8653	8657	2	2.50	ta
8662	8665	2	2.00	ga
8676	8687	6	2.00	aagaga
8677	8681	2	2.50	ag
8683	8687	2	2.50	ag
8724	8727	2	2.00	ag
8753	8758	3	2.00	ttc
8759	8762	2	2.00	ct
8793	8800	4	2.00	attt
8820	8825	3	2.00	cat
8827	8832	3	2.00	ctg
8835	8838	2	2.00	ct
8865	8873	4	2.25	atgc
8884	8887	2	2.00	ca
8887	8890	2	2.00	ag
8907	8911	2	2.50	ga
8922	8929	2	4.00	tg
8932	8937	3	2.00	agg
8938	8942	2	2.50	tc
8975	8979	2	2.50	tg
9011	9014	2	2.00	tg
9017	9020	2	2.00	at
9018	9024	3	2.33	tat
9041	9045	2	2.50	ct
9065	9070	2	3.00	ct
9081	9084	2	2.00	ga
9092	9095	2	2.00	tg
9100	9105	3	2.00	tcc
9107	9110	2	2.00	ag
9115	9118	2	2.00	ca
9157	9164	3	2.67	gca
9164	9170	3	2.33	cca
9174	9177	2	2.00	cg
9184	9190	3	2.33	ttc
9188	9192	2	2.50	tc
9208	9211	2	2.00	ca
9230	9237	4	2.00	cctt
9237	9240	2	2.00	tg
9238	9243	3	2.00	gtg
9251	9256	3	2.00	cca
9263	9266	2	2.00	ag
9266	9269	2	2.00	gt
9271	9274	2	2.00	ct
9320	9325	3	2.00	gct
9340	9346	3	2.33	agg
9347	9350	2	2.00	tg
9366	9373	4	2.00	gagt
9376	9379	2	2.00	ct
9379	9383	2	2.50	tg
9386	9389	2	2.00	ag
9405	9408	2	2.00	ac
9412	9428	8	2.12	agtccagg
9429	9434	3	2.00	cag
9467	9470	2	2.00	ga
9491	9495	2	2.50	ca
9504	9507	2	2.00	tg
9512	9515	2	2.00	ct
9519	9522	2	2.00	ag
9531	9534	2	2.00	ct
9551	9554	2	2.00	ct
9562	9569	4	2.00	gggc
9576	9579	2	2.00	ca
9577	9582	3	2.00	aca
9601	9607	3	2.33	aac
9605	9608	2	2.00	ac
