Start	End	Length	Ratio	Motif
12	15	2	2.00	ag
42	45	2	2.00	ac
60	63	2	2.00	ac
94	101	4	2.00	tcaa
120	123	2	2.00	ca
132	136	2	2.50	ca
192	195	2	2.00	tc
195	200	3	2.00	cac
246	257	6	2.00	aagaaa
281	284	2	2.00	ga
290	297	4	2.00	aact
296	299	2	2.00	ct
316	321	3	2.00	tgt
426	429	2	2.00	ga
432	435	2	2.00	ga
464	468	2	2.50	tc
467	472	3	2.00	cta
492	496	2	2.50	gc
496	502	3	2.33	gtg
543	546	2	2.00	ga
561	572	6	2.00	ggaggt
584	587	2	2.00	ga
591	596	3	2.00	cac
603	610	4	2.00	ccag
617	620	2	2.00	ag
622	625	2	2.00	ga
626	629	2	2.00	ct
631	634	2	2.00	tc
680	685	3	2.00	taa
688	693	3	2.00	att
699	714	6	2.67	ttttta
706	723	5	3.60	tttta
717	731	4	3.75	ttta
735	738	2	2.00	ga
744	747	2	2.00	tc
750	754	2	2.50	tg
754	757	2	2.00	tc
763	766	2	2.00	ca
765	774	5	2.00	cagtg
772	777	3	2.00	gtg
781	784	2	2.00	tc
822	825	2	2.00	tc
866	872	3	2.33	cca
870	874	2	2.50	ca
896	901	3	2.00	tag
900	904	2	2.50	ag
939	942	2	2.00	tc
955	958	2	2.00	tc
977	980	2	2.00	gt
1004	1007	2	2.00	gc
1031	1035	2	2.50	ag
1046	1049	2	2.00	ct
1091	1104	6	2.33	caacct
1120	1123	2	2.00	ct
1132	1137	3	2.00	cct
1162	1167	3	2.00	gcc
1167	1171	2	2.50	ca
1191	1194	2	2.00	ta
1194	1201	4	2.00	acag
1204	1207	2	2.00	tc
1227	1230	2	2.00	tc
1234	1237	2	2.00	ct
1251	1256	3	2.00	tcc
1265	1270	3	2.00	cct
1274	1277	2	2.00	gt
1297	1300	2	2.00	ta
1320	1323	2	2.00	at
1321	1328	3	2.67	tat
1339	1342	2	2.00	at
1374	1377	2	2.00	ta
1375	1380	3	2.00	ata
1378	1381	2	2.00	at
1384	1389	2	3.00	at
1398	1401	2	2.00	ca
1414	1417	2	2.00	ta
1444	1450	3	2.33	agg
1471	1474	2	2.00	ga
1503	1507	2	2.50	tc
1541	1544	2	2.00	ca
1580	1585	3	2.00	gga
1598	1603	3	2.00	agg
1623	1628	3	2.00	atg
1656	1659	2	2.00	ag
1661	1664	2	2.00	ga
1698	1701	2	2.00	ta
1701	1705	2	2.50	ac
1724	1727	2	2.00	at
1747	1752	3	2.00	ata
1758	1765	4	2.00	agaa
1775	1778	2	2.00	ta
1776	1783	4	2.00	ataa
1779	1784	3	2.00	aat
1801	1806	3	2.00	tgg
1842	1850	4	2.25	ggtg
1934	1942	3	3.00	gtg
1940	1947	4	2.00	gtgc
1966	1971	3	2.00	agg
1974	1977	2	2.00	ga
1981	1984	2	2.00	ga
1998	2003	3	2.00	agg
2029	2034	3	2.00	cac
2051	2056	3	2.00	caa
2056	2059	2	2.00	ag
2065	2068	2	2.00	ct
2070	2073	2	2.00	tc
2111	2114	2	2.00	ac
2136	2143	4	2.00	gaaa
2142	2149	4	2.00	aatt
2161	2164	2	2.00	tc
2185	2188	2	2.00	at
2198	2203	3	2.00	aga
2230	2235	3	2.00	caa
2269	2273	2	2.50	tc
2300	2305	3	2.00	aac
2309	2312	2	2.00	at
2352	2356	2	2.50	at
2354	2363	4	2.50	ataa
2417	2423	3	2.33	aga
2425	2429	2	2.50	ac
2478	2481	2	2.00	ac
2515	2518	2	2.00	ta
2533	2536	2	2.00	tg
2546	2550	2	2.50	ac
2553	2558	3	2.00	aag
2570	2573	2	2.00	ca
2586	2589	2	2.00	at
2599	2602	2	2.00	at
2606	2609	2	2.00	at
2628	2631	2	2.00	ct
2639	2644	3	2.00	aca
2642	2646	2	2.50	ac
2658	2661	2	2.00	ca
2681	2684	2	2.00	tc
2760	2763	2	2.00	ca
2766	2769	2	2.00	ga
2770	2776	3	2.33	tac
2778	2786	4	2.25	ccca
2822	2826	2	2.50	gc
2846	2852	3	2.33	cca
2856	2861	3	2.00	agg
2895	2898	2	2.00	cg
2917	2920	2	2.00	ga
2928	2932	2	2.50	tc
2931	2936	3	2.00	cta
2958	2964	3	2.33	gtg
2965	2968	2	2.00	ca
2988	2991	2	2.00	ga
3012	3015	2	2.00	ag
3018	3021	2	2.00	tg
3019	3024	3	2.00	gtg
3029	3032	2	2.00	ga
3034	3038	2	2.50	cg
3059	3065	3	2.33	aag
3063	3066	2	2.00	ag
3071	3075	2	2.50	tc
3077	3080	2	2.00	tc
3113	3116	2	2.00	gt
3126	3129	2	2.00	tg
3129	3134	3	2.00	gaa
3146	3150	2	2.50	ta
3156	3161	3	2.00	tgg
3177	3180	2	2.00	ca
3198	3201	2	2.00	tc
3201	3204	2	2.00	ca
3212	3215	2	2.00	gt
3215	3222	3	2.67	tta
3248	3252	2	2.50	at
3271	3274	2	2.00	at
3278	3281	2	2.00	ca
3292	3295	2	2.00	ca
3295	3300	3	2.00	aat
3308	3311	2	2.00	ag
3313	3318	3	2.00	att
3320	3325	3	2.00	ata
3339	3344	3	2.00	aac
3349	3352	2	2.00	ac
3361	3369	4	2.25	ataa
3375	3378	2	2.00	tg
3380	3383	2	2.00	ca
3383	3391	4	2.25	atct
3391	3395	2	2.50	ac
3400	3406	3	2.33	aat
3404	3407	2	2.00	at
3414	3417	2	2.00	at
3448	3451	2	2.00	tg
3467	3472	3	2.00	cat
3482	3487	3	2.00	aag
3493	3496	2	2.00	ca
3496	3501	3	2.00	aga
3503	3506	2	2.00	ca
3506	3509	2	2.00	at
3507	3512	3	2.00	tat
3512	3515	2	2.00	tg
3524	3528	2	2.50	ta
3532	3535	2	2.00	gt
3551	3559	2	4.50	ag
3557	3564	4	2.00	agat
3565	3570	3	2.00	tag
3583	3591	3	3.00	gga
3594	3597	2	2.00	ag
3636	3641	3	2.00	tga
3644	3647	2	2.00	at
3664	3669	3	2.00	tga
3681	3684	2	2.00	tg
3722	3729	4	2.00	tttg
3738	3742	2	2.50	ag
3753	3756	2	2.00	ct
3773	3776	2	2.00	tg
3774	3782	3	3.00	gtg
3826	3831	3	2.00	tcc
3871	3877	3	2.33	cca
3878	3887	5	2.00	gccca
3891	3896	3	2.00	act
3903	3906	2	2.00	ta
3932	3935	2	2.00	tg
3942	3945	2	2.00	tc
3970	3975	3	2.00	aat
3993	3997	2	2.50	tc
4046	4050	2	2.50	tc
4080	4083	2	2.00	at
4087	4094	3	2.67	tca
4104	4109	2	3.00	ct
4120	4125	3	2.00	gct
4153	4158	3	2.00	ctt
4178	4182	2	2.50	ta
4194	4198	2	2.50	ct
4225	4228	2	2.00	ga
4230	4233	2	2.00	ag
4234	4237	2	2.00	tc
4239	4242	2	2.00	ct
4289	4292	2	2.00	ct
4294	4299	3	2.00	cct
4313	4316	2	2.00	tc
4326	4331	3	2.00	cct
4357	4363	3	2.33	cca
4374	4385	6	2.00	ttttgt
4391	4396	3	2.00	tag
4395	4399	2	2.50	ag
4427	4430	2	2.00	tc
4433	4436	2	2.00	tc
4462	4467	3	2.00	tcc
4472	4481	5	2.00	gtgcc
4496	4519	5	4.80	ttttg
4521	4524	2	2.00	ga
4529	4532	2	2.00	tc
4541	4544	2	2.00	ct
4552	4555	2	2.00	gc
4558	4561	2	2.00	tc
4575	4578	2	2.00	ct
4580	4585	3	2.00	cct
4598	4604	3	2.33	ttc
4675	4682	4	2.00	acag
4688	4693	3	2.00	cac
4708	4711	2	2.00	tc
4714	4718	2	2.50	tc
4764	4767	2	2.00	ac
4767	4770	2	2.00	cg
4775	4781	3	2.33	cca
4784	4791	4	2.00	ccag
4815	4819	2	2.50	at
4829	4832	2	2.00	ct
4837	4842	3	2.00	tct
4848	4853	3	2.00	cta
4886	4890	2	2.50	gc
4930	4938	4	2.25	ggcg
4952	4955	2	2.00	ga
4958	4961	2	2.00	ga
4974	4977	2	2.00	ac
4990	4994	2	2.50	tc
4993	4998	3	2.00	cta
5032	5035	2	2.00	gc
5069	5072	2	2.00	ga
5110	5113	2	2.00	ga
5115	5119	2	2.50	cg
5143	5146	2	2.00	ag
5148	5151	2	2.00	ga
5157	5160	2	2.00	tc
5210	5214	2	2.50	tc
5243	5248	3	2.00	ttc
5255	5258	2	2.00	ct
5259	5264	3	2.00	tgg
5282	5286	2	2.50	tc
5293	5299	2	3.50	ag
5325	5331	3	2.33	atc
5330	5334	2	2.50	ca
5346	5351	2	3.00	ag
5356	5359	2	2.00	tg
5358	5363	3	2.00	tga
5369	5376	3	2.67	gaa
5379	5382	2	2.00	ga
5385	5391	3	2.33	tgc
5432	5439	3	2.67	cca
5439	5446	3	2.67	cct
5468	5471	2	2.00	ct
5495	5498	2	2.00	ct
5502	5507	2	3.00	ct
5514	5518	2	2.50	ac
5540	5544	2	2.50	ac
5558	5565	4	2.00	tcaa
5570	5573	2	2.00	ac
5577	5580	2	2.00	ct
5606	5609	2	2.00	ac
5618	5621	2	2.00	ga
5636	5640	2	2.50	tc
5651	5654	2	2.00	tc
5662	5665	2	2.00	ca
5663	5668	3	2.00	aca
5666	5671	2	3.00	ac
5679	5695	7	2.43	ctgctcc
5705	5710	3	2.00	gca
5717	5722	3	2.00	tcc
5744	5747	2	2.00	ag
5772	5775	2	2.00	ca
5792	5800	4	2.25	cctt
5806	5809	2	2.00	ct
5807	5812	3	2.00	tct
5810	5813	2	2.00	tc
5835	5838	2	2.00	tc
5836	5841	3	2.00	ctc
5839	5842	2	2.00	ct
5849	5852	2	2.00	ga
5862	5869	3	2.67	ctc
5876	5883	3	2.67	cca
5879	5889	5	2.20	ccacc
5883	5890	4	2.00	ccca
5906	5910	2	2.50	tc
5917	5920	2	2.00	ac
5924	5927	2	2.00	ct
5941	5945	2	2.50	ca
5981	5985	2	2.50	ct
5993	5997	2	2.50	ct
6018	6025	3	2.67	cct
6030	6033	2	2.00	ac
6043	6048	3	2.00	atc
6047	6050	2	2.00	tc
6075	6078	2	2.00	gc
6105	6108	2	2.00	at
6111	6114	2	2.00	ca
6117	6122	2	3.00	at
6128	6131	2	2.00	tc
6138	6141	2	2.00	ag
6148	6153	2	3.00	tc
6158	6165	2	4.00	ct
6171	6174	2	2.00	tg
6173	6178	3	2.00	tgc
6175	6182	4	2.00	ctgc
6201	6204	2	2.00	at
6208	6216	3	3.00	cct
6246	6249	2	2.00	ag
6260	6263	2	2.00	ca
6272	6275	2	2.00	ag
6278	6285	4	2.00	ctca
6293	6296	2	2.00	ca
6301	6304	2	2.00	ag
6306	6310	2	2.50	ga
6314	6317	2	2.00	tg
6341	6344	2	2.00	tg
6369	6374	3	2.00	gat
6395	6398	2	2.00	ag
6410	6413	2	2.00	ca
6429	6435	3	2.33	ctt
6435	6438	2	2.00	ca
6467	6474	3	2.67	gga
6470	6477	4	2.00	ggag
6479	6484	3	2.00	cac
6513	6516	2	2.00	gt
6519	6522	2	2.00	ga
6530	6534	2	2.50	ca
6538	6546	3	3.00	ctc
6589	6592	2	2.00	tc
6619	6622	2	2.00	gt
6668	6673	3	2.00	tgg
6688	6691	2	2.00	tc
6689	6694	3	2.00	ctc
6714	6718	2	2.50	tc
6726	6731	3	2.00	tgg
6747	6752	3	2.00	tcc
6767	6772	3	2.00	ctc
6770	6773	2	2.00	ct
6775	6781	3	2.33	tct
6812	6816	2	2.50	at
6825	6828	2	2.00	tg
6830	6835	3	2.00	gcc
6842	6845	2	2.00	tc
6863	6866	2	2.00	ag
6871	6875	2	2.50	tg
6942	6945	2	2.00	gt
6950	6953	2	2.00	tg
6970	6977	4	2.00	tggc
6980	6983	2	2.00	tc
7009	7012	2	2.00	ca
7012	7016	2	2.50	ag
7017	7023	2	3.50	ac
7037	7040	2	2.00	ca
7040	7048	4	2.25	agga
7069	7072	2	2.00	gt
7085	7090	3	2.00	tgc
7089	7094	3	2.00	gcc
7097	7106	5	2.00	accca
7108	7112	2	2.50	ac
7141	7144	2	2.00	ct
7157	7162	3	2.00	cag
7161	7164	2	2.00	ag
7247	7253	3	2.33	gga
7254	7257	2	2.00	ct
7256	7264	4	2.25	cttc
7265	7268	2	2.00	ca
7267	7274	4	2.00	cagg
7272	7277	3	2.00	agg
7287	7290	2	2.00	ga
7291	7297	3	2.33	cag
7296	7303	3	2.67	gct
7365	7369	2	2.50	gt
7391	7401	4	2.75	ggaa
7435	7438	2	2.00	ag
7474	7479	3	2.00	tgc
7482	7489	4	2.00	cttc
7511	7520	5	2.00	gccca
7523	7526	2	2.00	ct
7543	7549	3	2.33	ggt
7547	7550	2	2.00	gt
7552	7559	4	2.00	ggga
7566	7572	3	2.33	gca
7583	7589	3	2.33	ctg
7594	7605	6	2.00	tcttcc
7599	7602	2	2.00	ct
7606	7612	3	2.33	aag
7610	7614	2	2.50	ag
7630	7635	3	2.00	agg
7636	7639	2	2.00	gc
7654	7657	2	2.00	ag
7686	7689	2	2.00	ct
7687	7694	4	2.00	tctg
7701	7704	2	2.00	gt
7706	7709	2	2.00	ca
7746	7752	3	2.33	gcc
7764	7771	3	2.67	gga
7775	7780	3	2.00	gcc
7784	7787	2	2.00	ga
7807	7810	2	2.00	ct
7852	7856	2	2.50	ga
7869	7872	2	2.00	gc
7894	7907	6	2.33	agcaag
7898	7901	2	2.00	ag
7904	7907	2	2.00	ag
7916	7923	3	2.67	gga
7927	7930	2	2.00	gc
7951	7959	4	2.25	caga
8013	8018	3	2.00	cgg
8017	8027	5	2.20	gggca
8029	8036	4	2.00	aggc
8047	8050	2	2.00	ca
8054	8057	2	2.00	ca
8060	8065	3	2.00	tgc
8068	8073	2	3.00	tc
8081	8086	3	2.00	cgg
8091	8094	2	2.00	ct
8099	8106	4	2.00	agct
8109	8114	3	2.00	ggc
8114	8117	2	2.00	ca
8119	8122	2	2.00	gc
8136	8140	2	2.50	tc
8140	8145	3	2.00	tga
8153	8161	4	2.25	ccct
8198	8201	2	2.00	gc
8213	8216	2	2.00	gc
8218	8221	2	2.00	ag
8245	8248	2	2.00	gt
8253	8256	2	2.00	tc
8261	8264	2	2.00	ca
8282	8287	3	2.00	ggc
8291	8294	2	2.00	ag
8366	8371	3	2.00	ggc
8386	8389	2	2.00	ag
8390	8396	3	2.33	ggc
8404	8407	2	2.00	ag
8419	8423	2	2.50	ct
8426	8431	3	2.00	ggc
8437	8440	2	2.00	ca
8443	8458	6	2.67	gaggca
8448	8451	2	2.00	ag
8454	8457	2	2.00	ag
8483	8488	3	2.00	cca
8494	8497	2	2.00	tc
8524	8527	2	2.00	ct
8525	8531	3	2.33	tct
8531	8541	4	2.75	tgcc
8547	8550	2	2.00	gc
8574	8579	3	2.00	ggt
8589	8592	2	2.00	tg
8622	8625	2	2.00	ct
8651	8654	2	2.00	ct
8680	8683	2	2.00	ag
8692	8695	2	2.00	ga
8705	8712	4	2.00	caag
8715	8718	2	2.00	ct
8748	8751	2	2.00	tg
8809	8813	2	2.50	ct
8818	8821	2	2.00	ac
8827	8832	2	3.00	ct
8832	8835	2	2.00	tg
8845	8853	3	3.00	agg
8865	8868	2	2.00	ag
8879	8882	2	2.00	tg
8886	8889	2	2.00	ac
8893	8896	2	2.00	ca
8902	8905	2	2.00	ag
8912	8919	3	2.67	ggt
8931	8936	3	2.00	gct
8937	8940	2	2.00	ca
8968	8971	2	2.00	cg
9009	9014	3	2.00	ctg
9015	9018	2	2.00	gc
9019	9024	3	2.00	tca
9038	9041	2	2.00	ac
9061	9065	2	2.50	ga
9075	9079	2	2.50	ga
9086	9090	2	2.50	ca
9092	9095	2	2.00	ag
9128	9131	2	2.00	ac
9154	9158	2	2.50	gc
9200	9204	2	2.50	ca
9239	9243	2	2.50	gt
9256	9263	3	2.67	cac
9266	9269	2	2.00	ca
9284	9293	3	3.33	agg
9294	9297	2	2.00	ag
9313	9319	3	2.33	ggc
9321	9328	4	2.00	aaag
9340	9346	2	3.50	ca
9354	9357	2	2.00	ca
9410	9417	4	2.00	tccc
9420	9423	2	2.00	tg
9434	9437	2	2.00	ag
9437	9442	3	2.00	gcc
9475	9479	2	2.50	tc
9485	9488	2	2.00	ct
9493	9500	3	2.67	ctt
9498	9503	2	3.00	tc
9509	9512	2	2.00	ct
9517	9523	3	2.33	cct
9527	9531	2	2.50	ct
9601	9606	3	2.00	tta
9606	9609	2	2.00	ag
9616	9621	2	3.00	ta
9630	9635	3	2.00	gct
9632	9639	4	2.00	tgct
9648	9651	2	2.00	ag
9663	9666	2	2.00	ta
9680	9683	2	2.00	ag
9728	9731	2	2.00	tg
9742	9745	2	2.00	ca
9746	9751	3	2.00	tcc
9764	9767	2	2.00	ca
9786	9791	3	2.00	caa
9798	9801	2	2.00	tg
9819	9822	2	2.00	tg
9836	9840	2	2.50	ca
9870	9873	2	2.00	ag
9877	9881	2	2.50	ac
9889	9892	2	2.00	ct
9903	9907	2	2.50	ga
9908	9913	3	2.00	cac
9913	9916	2	2.00	ct
9931	9939	4	2.25	cctg
9939	9946	4	2.00	caga
9953	9960	4	2.00	ccag
9959	9962	2	2.00	ag
9973	9976	2	2.00	ct
9985	9988	2	2.00	tc
9989	9992	2	2.00	ca
10013	10016	2	2.00	ct
10016	10019	2	2.00	tg
10054	10059	3	2.00	agg
10082	10085	2	2.00	ag
10096	10101	3	2.00	gcc
10106	10111	3	2.00	acc
10139	10144	3	2.00	tgt
10180	10185	3	2.00	tca
10191	10196	3	2.00	gcc
10203	10207	2	2.50	tc
10205	10217	3	4.33	tct
10244	10247	2	2.00	gt
10302	10305	2	2.00	ag
10320	10328	4	2.25	cact
10339	10342	2	2.00	tg
10408	10413	3	2.00	gcc
10421	10424	2	2.00	gc
10462	10468	3	2.33	gat
10475	10478	2	2.00	ga
10476	10481	3	2.00	aga
10479	10482	2	2.00	ag
10480	10488	4	2.25	gagg
10494	10498	2	2.50	ga
10541	10544	2	2.00	ca
10546	10549	2	2.00	gc
10568	10576	4	2.25	ggcc
10601	10604	2	2.00	tg
10619	10622	2	2.00	gt
10647	10650	2	2.00	cg
10686	10689	2	2.00	tc
10731	10735	2	2.50	cg
10735	10742	4	2.00	ctca
10771	10774	2	2.00	ag
10785	10788	2	2.00	ag
10860	10863	2	2.00	tc
10873	10881	4	2.25	cacc
10879	10888	5	2.00	ccctg
10923	10926	2	2.00	ag
10934	10938	2	2.50	ct
10944	10948	2	2.50	at
10953	10958	3	2.00	cac
10980	10986	2	3.50	ca
11002	11007	3	2.00	aag
11004	11021	8	2.25	gaaggact
11037	11040	2	2.00	ct
11052	11055	2	2.00	tc
11055	11060	3	2.00	caa
11066	11069	2	2.00	ag
11069	11074	3	2.00	gct
11076	11079	2	2.00	ca
11097	11100	2	2.00	ac
11105	11108	2	2.00	tg
11127	11132	3	2.00	gct
11131	11136	3	2.00	ctc
11136	11139	2	2.00	ca
11174	11182	4	2.25	gcag
11188	11191	2	2.00	ca
11191	11198	4	2.00	aatg
11198	11201	2	2.00	gc
11214	11220	3	2.33	tga
11232	11235	2	2.00	ac
11270	11273	2	2.00	ct
11301	11304	2	2.00	ga
11332	11335	2	2.00	ac
11337	11341	2	2.50	ga
11362	11365	2	2.00	ag
11391	11394	2	2.00	ag
11399	11402	2	2.00	ac
11407	11410	2	2.00	ct
11410	11415	2	3.00	ta
11435	11442	4	2.00	aggc
11447	11454	3	2.67	cct
11459	11463	2	2.50	ac
11463	11466	2	2.00	ag
11475	11480	2	3.00	ag
11481	11484	2	2.00	ct
11511	11515	2	2.50	ca
11534	11540	2	3.50	ca
11543	11546	2	2.00	ca
11543	11554	6	2.00	cacagg
11549	11552	2	2.00	ca
11566	11570	2	2.50	ca
11570	11573	2	2.00	ct
11588	11593	3	2.00	cca
11594	11597	2	2.00	ag
11608	11611	2	2.00	ct
11613	11616	2	2.00	ag
11615	11622	3	2.67	agc
11627	11632	3	2.00	tgc
11634	11639	3	2.00	gct
11635	11644	5	2.00	ctgct
11638	11641	2	2.00	ct
11655	11668	7	2.00	ccaggct
11668	11671	2	2.00	tg
11674	11679	3	2.00	aag
11686	11692	3	2.33	agc
11709	11712	2	2.00	ca
11727	11730	2	2.00	ct
11734	11739	3	2.00	tgc
11761	11764	2	2.00	ag
11785	11788	2	2.00	tg
11796	11800	2	2.50	ca
11805	11811	3	2.33	cca
11809	11812	2	2.00	ca
11863	11866	2	2.00	ct
11870	11874	2	2.50	ct
11872	11879	4	2.00	ctca
11899	11902	2	2.00	ct
11913	11917	2	2.50	ag
11919	11922	2	2.00	ac
11928	11933	3	2.00	ctc
11976	11985	5	2.00	cagtt
11985	11990	3	2.00	taa
11999	12002	2	2.00	ca
12005	12010	3	2.00	atg
12049	12054	3	2.00	cca
12061	12066	3	2.00	tgc
12084	12092	4	2.25	cctg
12123	12131	3	3.00	cag
12137	12140	2	2.00	ca
12173	12176	2	2.00	ca
12178	12182	2	2.50	ga
12198	12202	2	2.50	ca
12271	12275	2	2.50	ca
12299	12302	2	2.00	ac
12300	12305	3	2.00	cac
12308	12313	3	2.00	agg
12319	12322	2	2.00	tc
12323	12328	2	3.00	ga
12348	12357	4	2.50	ggag
12366	12369	2	2.00	ac
12369	12372	2	2.00	ct
12384	12387	2	2.00	ca
12416	12420	2	2.50	ct
12442	12448	3	2.33	acc
12469	12477	4	2.25	gggt
12477	12481	2	2.50	ga
12479	12484	3	2.00	gag
12482	12485	2	2.00	ga
12485	12489	2	2.50	ac
12494	12498	2	2.50	ag
12517	12522	3	2.00	ctg
12528	12531	2	2.00	ca
12530	12537	3	2.67	cag
12541	12546	3	2.00	agc
12549	12554	3	2.00	gga
12560	12564	2	2.50	ac
12564	12567	2	2.00	ag
12576	12581	2	3.00	ag
12595	12601	3	2.33	gca
12598	12606	4	2.25	gcag
12608	12613	3	2.00	gcc
12619	12622	2	2.00	ag
12623	12626	2	2.00	tc
12640	12643	2	2.00	gt
12655	12658	2	2.00	tc
12671	12674	2	2.00	ac
12676	12681	3	2.00	cct
12684	12689	3	2.00	cat
12689	12697	4	2.25	tgtc
12695	12698	2	2.00	tc
12712	12715	2	2.00	at
12720	12723	2	2.00	gc
12757	12760	2	2.00	gc
12775	12778	2	2.00	gt
12786	12790	2	2.50	tg
12792	12795	2	2.00	ag
12810	12813	2	2.00	ag
12813	12817	2	2.50	gt
12824	12835	5	2.40	ccata
12842	12849	3	2.67	tgg
12847	12850	2	2.00	gt
12858	12884	6	4.50	gccata
12904	12917	6	2.33	gagaca
12904	12907	2	2.00	ga
12909	12913	2	2.50	ag
12911	12921	4	2.75	agac
12922	12927	3	2.00	tgg
12929	12937	4	2.25	ggca
12936	12939	2	2.00	ag
12946	12953	4	2.00	caga
12947	12963	6	2.83	agacag
12951	12955	2	2.50	ag
12957	12961	2	2.50	ag
12965	12969	2	2.50	ac
12982	12987	3	2.00	tct
12990	12993	2	2.00	ca
12993	13001	2	4.50	ag
12999	13004	3	2.00	aga
13041	13046	3	2.00	tga
13050	13055	3	2.00	cct
13126	13130	2	2.50	ag
13132	13136	2	2.50	ac
13154	13164	5	2.20	ggaca
13169	13172	2	2.00	ca
13179	13182	2	2.00	ac
13187	13190	2	2.00	ct
13200	13203	2	2.00	ag
13202	13215	7	2.00	agttcca
13215	13218	2	2.00	at
13248	13251	2	2.00	ta
13258	13267	5	2.00	tacaa
13281	13284	2	2.00	gc
13290	13295	3	2.00	att
13314	13317	2	2.00	ag
13339	13342	2	2.00	ga
13354	13357	2	2.00	cg
13364	13367	2	2.00	gc
13385	13390	3	2.00	tgc
13408	13411	2	2.00	tg
13413	13416	2	2.00	ct
13451	13454	2	2.00	ac
13454	13458	2	2.50	ct
13478	13481	2	2.00	ta
13482	13488	3	2.33	ctc
13494	13497	2	2.00	ag
13519	13523	2	2.50	ca
13547	13550	2	2.00	ta
13557	13566	5	2.00	aaccc
13570	13573	2	2.00	tc
13577	13580	2	2.00	ag
13592	13599	4	2.00	aggg
13601	13606	3	2.00	caa
13616	13621	3	2.00	ttg
13623	13635	5	2.60	ctgtg
13624	13627	2	2.00	tg
13629	13632	2	2.00	tg
13638	13642	2	2.50	ac
13648	13653	2	3.00	ga
13659	13664	3	2.00	aag
13678	13681	2	2.00	ga
13687	13690	2	2.00	tg
13691	13696	2	3.00	ga
13718	13721	2	2.00	at
13723	13726	2	2.00	ct
13736	13739	2	2.00	ca
13737	13742	3	2.00	aca
13740	13744	2	2.50	ac
13782	13785	2	2.00	ga
13795	13798	2	2.00	gt
13814	13817	2	2.00	ct
13825	13831	2	3.50	ac
13834	13839	3	2.00	tcc
13844	13849	3	2.00	agg
13851	13854	2	2.00	ca
13854	13857	2	2.00	ag
13879	13883	2	2.50	tc
13887	13890	2	2.00	ga
13898	13903	3	2.00	gtt
13919	13923	2	2.50	tc
13931	13934	2	2.00	ag
13948	13957	5	2.00	caggg
13972	13975	2	2.00	ga
13973	13982	4	2.50	agac
13980	13985	3	2.00	cag
14010	14013	2	2.00	ca
14012	14017	3	2.00	cag
14020	14023	2	2.00	ag
14023	14026	2	2.00	gt
14049	14055	2	3.50	ag
14057	14065	4	2.25	cagg
14067	14072	3	2.00	gtc
14085	14090	3	2.00	tcc
14102	14105	2	2.00	ca
14116	14121	3	2.00	gaa
14125	14131	2	3.50	ag
14142	14147	3	2.00	ctg
14146	14151	3	2.00	tga
14167	14172	2	3.00	ag
14175	14178	2	2.00	ca
14176	14186	5	2.20	acaaa
14188	14191	2	2.00	ct
14199	14202	2	2.00	ga
14217	14220	2	2.00	tc
14247	14250	2	2.00	ca
14257	14260	2	2.00	ag
14291	14294	2	2.00	ga
14309	14315	2	3.50	ag
14327	14332	2	3.00	ag
14331	14337	3	2.33	agc
14384	14387	2	2.00	ag
14391	14396	2	3.00	ag
14403	14406	2	2.00	ag
14408	14411	2	2.00	ca
14421	14427	2	3.50	ac
14479	14487	4	2.25	ggcg
14541	14545	2	2.50	tc
14571	14579	3	3.00	gtg
14580	14584	2	2.50	ca
14603	14608	3	2.00	agg
14615	14618	2	2.00	ca
14633	14638	3	2.00	ggc
14639	14642	2	2.00	ag
14649	14658	5	2.00	gtgag
14656	14659	2	2.00	ga
14661	14665	2	2.50	cg
14687	14690	2	2.00	ac
14723	14729	3	2.33	aac
14727	14733	2	3.50	ac
14755	14758	2	2.00	ac
14827	14833	3	2.33	gtg
14869	14877	4	2.25	ggtg
14897	14900	2	2.00	ga
14913	14916	2	2.00	at
14929	14933	2	2.50	tc
14932	14937	3	2.00	cta
14958	14962	2	2.50	gt
14960	14968	3	3.00	gtg
14968	14972	2	2.50	gc
14980	14983	2	2.00	tc
15007	15010	2	2.00	ga
15025	15036	6	2.00	ggaggt
15055	15060	3	2.00	cac
15081	15088	4	2.00	cgag
15086	15089	2	2.00	ga
15090	15093	2	2.00	ct
15095	15098	2	2.00	tc
15107	15117	4	2.75	aaag
15111	15123	5	2.60	aaaga
15115	15129	6	2.50	aaaaga
15134	15137	2	2.00	at
15163	15166	2	2.00	ct
15183	15186	2	2.00	tg
15204	15209	3	2.00	ctg
15219	15222	2	2.00	ca
15220	15225	3	2.00	aca
15225	15228	2	2.00	ag
15230	15236	3	2.33	gag
15237	15240	2	2.00	ca
15250	15256	3	2.33	agc
15269	15272	2	2.00	ac
15270	15275	3	2.00	cac
15317	15321	2	2.50	ct
15340	15343	2	2.00	ac
15341	15348	4	2.00	cact
15414	15420	3	2.33	agg
15477	15480	2	2.00	ac
15510	15513	2	2.00	ga
15540	15581	2	21.00	ga
15593	15599	2	3.50	ta
15597	15604	4	2.00	tatt
15600	15611	3	4.00	tta
15613	15619	2	3.50	at
15621	15628	2	4.00	at
15640	15645	2	3.00	at
15650	15657	2	4.00	at
15662	15665	2	2.00	ga
15667	15670	2	2.00	ag
15676	15679	2	2.00	ct
15681	15686	3	2.00	tcc
15695	15698	2	2.00	gt
15703	15707	2	2.50	gt
15710	15713	2	2.00	ca
15731	15736	3	2.00	ctt
15749	15752	2	2.00	ct
15750	15755	3	2.00	tct
15780	15785	3	2.00	aca
15790	15793	2	2.00	tg
15794	15799	3	2.00	cca
15827	15831	2	2.50	ag
15860	15863	2	2.00	tc
15890	15893	2	2.00	tc
15897	15901	2	2.50	ct
15902	15905	2	2.00	ag
15910	15913	2	2.00	ga
15915	15918	2	2.00	ta
15979	15982	2	2.00	ca
15986	15989	2	2.00	tg
15990	15993	2	2.00	at
16022	16025	2	2.00	ac
16055	16058	2	2.00	ac
16057	16066	4	2.50	acct
16075	16078	2	2.00	at
16088	16092	2	2.50	at
16114	16117	2	2.00	tg
16119	16122	2	2.00	ca
16139	16148	5	2.00	ataaa
16155	16162	4	2.00	ccag
16163	16166	2	2.00	gc
16174	16178	2	2.50	ca
16201	16209	4	2.25	ggca
16231	16234	2	2.00	ga
16263	16267	2	2.50	tc
16326	16331	3	2.00	agg
16351	16354	2	2.00	tg
16358	16363	3	2.00	agg
16359	16370	6	2.00	ggaggt
16387	16390	2	2.00	tg
16395	16398	2	2.00	tg
16415	16418	2	2.00	ag
16420	16423	2	2.00	ga
16426	16429	2	2.00	at
16436	16452	5	3.40	aaaat
16452	16455	2	2.00	ag
16463	16466	2	2.00	ca
16479	16482	2	2.00	ta
16484	16490	3	2.33	att
16495	16499	2	2.50	ac
16531	16534	2	2.00	at
16579	16583	2	2.50	ta
16611	16618	4	2.00	aaat
16622	16626	2	2.50	tc
16634	16637	2	2.00	ca
16640	16644	2	2.50	tg
16642	16649	4	2.00	tgta
16656	16659	2	2.00	tc
16659	16666	4	2.00	caaa
16675	16678	2	2.00	ag
16679	16684	3	2.00	cta
16707	16712	3	2.00	tta
16741	16744	2	2.00	at
16760	16769	5	2.00	caaat
16784	16790	2	3.50	ta
16795	16802	4	2.00	aatg
16828	16831	2	2.00	ta
16874	16878	2	2.50	tg
16885	16889	2	2.50	tg
16903	16906	2	2.00	ac
16913	16922	5	2.00	agtga
16942	16947	3	2.00	aga
16952	16955	2	2.00	at
16973	16976	2	2.00	tc
16986	16989	2	2.00	ta
17012	17015	2	2.00	ta
17025	17031	2	3.50	ct
17029	17036	4	2.00	ctca
17040	17043	2	2.00	tc
17087	17091	2	2.50	ta
17136	17141	3	2.00	gga
17145	17148	2	2.00	at
17196	17199	2	2.00	gc
17223	17226	2	2.00	ac
17253	17256	2	2.00	tg
17270	17273	2	2.00	ga
17301	17305	2	2.50	tc
17304	17309	3	2.00	cta
17327	17334	3	2.67	tgc
17371	17375	2	2.50	ga
17372	17387	8	2.00	agagtcca
17380	17383	2	2.00	ag
17398	17401	2	2.00	ca
17403	17407	2	2.50	ta
17448	17452	2	2.50	ag
17455	17459	2	2.50	at
17467	17470	2	2.00	ca
17477	17481	2	2.50	ca
17526	17529	2	2.00	ga
17557	17560	2	2.00	tg
17558	17563	3	2.00	gtg
17570	17574	2	2.50	tc
17573	17578	3	2.00	cta
17577	17584	3	2.67	taa
17601	17607	3	2.33	gtg
17608	17611	2	2.00	ca
17645	17648	2	2.00	ca
17666	17677	6	2.00	ggaggt
17678	17681	2	2.00	tg
17679	17684	3	2.00	gtg
17689	17692	2	2.00	ga
17694	17698	2	2.50	cg
17718	17723	3	2.00	caa
17723	17726	2	2.00	ag
17737	17740	2	2.00	tc
17754	17778	4	6.25	aaag
17776	17779	2	2.00	ag
17785	17789	2	2.50	gc
17812	17815	2	2.00	ac
17833	17838	3	2.00	gga
17857	17860	2	2.00	ga
17889	17893	2	2.50	tc
17922	17928	3	2.33	gtg
17957	17960	2	2.00	ga
17974	17979	3	2.00	agg
17998	18001	2	2.00	ga
18003	18007	2	2.50	cg
18031	18034	2	2.00	ag
18036	18039	2	2.00	ga
18040	18043	2	2.00	ct
18045	18048	2	2.00	tc
18061	18071	4	2.75	aaag
18077	18086	5	2.00	gtttt
18078	18099	6	3.67	ttttgt
18123	18129	2	3.50	ta
18131	18135	2	2.50	ta
18141	18147	3	2.33	aga
18163	18166	2	2.00	ta
18170	18174	2	2.50	ca
18195	18198	2	2.00	at
18203	18206	2	2.00	ca
18223	18226	2	2.00	ca
18233	18236	2	2.00	ac
18259	18262	2	2.00	at
18277	18281	2	2.50	at
18292	18298	3	2.33	cat
18303	18312	5	2.00	aaaga
18333	18338	3	2.00	aac
18340	18344	2	2.50	tg
18344	18351	4	2.00	ttct
18353	18357	2	2.50	ac
18355	18367	5	2.60	acaag
18365	18370	2	3.00	ac
18376	18380	2	2.50	ag
18391	18394	2	2.00	ca
18401	18404	2	2.00	ga
18407	18410	2	2.00	at
18422	18425	2	2.00	at
18428	18431	2	2.00	ga
18449	18452	2	2.00	at
18460	18463	2	2.00	ag
18468	18473	3	2.00	aat
18483	18486	2	2.00	tg
18504	18509	3	2.00	tga
18515	18519	2	2.50	ga
18522	18529	4	2.00	aggg
18529	18534	3	2.00	gca
18533	18536	2	2.00	ca
18559	18562	2	2.00	tc
18560	18565	3	2.00	ctc
18572	18575	2	2.00	ga
18575	18578	2	2.00	ac
18588	18591	2	2.00	tc
18589	18596	4	2.00	ctca
18605	18608	2	2.00	at
18636	18642	3	2.33	gct
18655	18662	4	2.00	ctta
18665	18669	2	2.50	tc
18700	18704	2	2.50	tg
18730	18735	3	2.00	gta
18750	18753	2	2.00	tc
18786	18789	2	2.00	ag
18797	18800	2	2.00	tc
18814	18817	2	2.00	ag
18819	18822	2	2.00	ca
18845	18850	3	2.00	cag
18861	18864	2	2.00	ca
18866	18871	2	3.00	ca
18869	18877	4	2.25	acaa
18871	18880	5	2.00	aaaca
18886	18889	2	2.00	tg
18898	18903	3	2.00	tgg
18927	18930	2	2.00	gt
18957	18961	2	2.50	ag
18973	18976	2	2.00	ct
18976	18985	2	5.00	tg
18990	18995	3	2.00	ctg
19017	19020	2	2.00	tc
19037	19043	2	3.50	ca
19049	19055	2	3.50	ct
19057	19060	2	2.00	ca
19096	19103	4	2.00	gctt
19104	19107	2	2.00	tc
19139	19142	2	2.00	ga
19144	19147	2	2.00	ag
19153	19156	2	2.00	ct
19184	19187	2	2.00	at
19202	19205	2	2.00	ct
19239	19244	3	2.00	cct
19258	19261	2	2.00	ca
19264	19270	2	3.50	ca
19268	19275	3	2.67	cac
19302	19305	2	2.00	ta
19336	19339	2	2.00	tc
19342	19345	2	2.00	tc
19395	19402	4	2.00	cagg
19409	19413	2	2.50	cg
19418	19423	3	2.00	cct
19443	19446	2	2.00	tg
19455	19462	4	2.00	tccc
19495	19498	2	2.00	ag
19515	19519	2	2.50	ac
19571	19575	2	2.50	ca
19581	19586	2	3.00	ca
19638	19644	3	2.33	aag
19655	19658	2	2.00	ct
19664	19667	2	2.00	ac
19676	19681	3	2.00	cca
19688	19692	2	2.50	ca
19703	19706	2	2.00	ca
19717	19720	2	2.00	gc
19801	19804	2	2.00	ca
19803	19810	4	2.00	caag
19812	19815	2	2.00	ca
19828	19831	2	2.00	ga
19847	19850	2	2.00	ta
19858	19863	3	2.00	cag
19869	19874	2	3.00	tc
19884	19889	3	2.00	cca
19894	19897	2	2.00	ct
19904	19907	2	2.00	ca
19929	19932	2	2.00	at
19945	19952	4	2.00	aggc
19967	19970	2	2.00	ta
19973	19979	3	2.33	agg
19992	19997	3	2.00	att
19993	20003	4	2.75	ttat
20020	20023	2	2.00	tc
20025	20028	2	2.00	ct
20095	20101	3	2.33	tcc
20123	20126	2	2.00	ga
20128	20131	2	2.00	ta
20141	20146	3	2.00	cat
20161	20164	2	2.00	ta
20174	20178	2	2.50	ag
20186	20192	3	2.33	tca
20199	20206	4	2.00	ctgg
20236	20241	3	2.00	cct
20269	20273	2	2.50	gt
20277	20280	2	2.00	ca
20280	20283	2	2.00	ag
20333	20336	2	2.00	ga
20342	20345	2	2.00	ac
20452	20458	3	2.33	aat
20462	20469	4	2.00	ccct
20522	20527	2	3.00	gt
20527	20530	2	2.00	ta
20527	20547	9	2.33	tataacaat
20536	20539	2	2.00	ta
20543	20548	3	2.00	att
20584	20587	2	2.00	ac
20634	20638	2	2.50	tc
20661	20664	2	2.00	tg
20665	20670	3	2.00	gca
20671	20674	2	2.00	tg
20711	20714	2	2.00	gt
20756	20759	2	2.00	gc
20783	20786	2	2.00	ag
20797	20800	2	2.00	tc
20800	20809	5	2.00	caaaa
20801	20822	6	3.67	aaaaca
20812	20826	7	2.14	aaaaaca
20826	20831	3	2.00	att
20843	20848	3	2.00	att
20864	20867	2	2.00	at
20877	20885	3	3.00	tat
20883	20890	2	4.00	ta
20905	20910	3	2.00	tct
20908	20911	2	2.00	tc
20927	20930	2	2.00	tc
20977	20980	2	2.00	ca
21061	21065	2	2.50	tc
21064	21069	3	2.00	cta
21086	21091	3	2.00	cta
21112	21115	2	2.00	ca
21146	21151	3	2.00	ggc
21183	21186	2	2.00	ga
21199	21202	2	2.00	at
21215	21219	2	2.50	tc
21218	21223	3	2.00	cta
21246	21254	3	3.00	gtg
21252	21258	2	3.50	gt
21274	21277	2	2.00	gc
21278	21283	3	2.00	agg
21293	21296	2	2.00	ga
21310	21315	3	2.00	agg
21317	21320	2	2.00	ag
21367	21370	2	2.00	ag
21381	21384	2	2.00	tc
21386	21400	4	3.75	aaac
21418	21422	2	2.50	gt
21420	21426	3	2.33	gtg
21429	21436	4	2.00	cctg
21465	21471	3	2.33	aga
21484	21489	3	2.00	agg
21492	21495	2	2.00	ga
21500	21507	4	2.00	agtg
21508	21511	2	2.00	ga
21541	21544	2	2.00	ag
21555	21558	2	2.00	tc
21560	21575	4	4.00	aaat
21577	21590	5	2.80	aaata
21621	21624	2	2.00	ct
21670	21673	2	2.00	ac
21704	21712	3	3.00	aac
21712	21715	2	2.00	ct
21730	21737	2	4.00	at
21744	21747	2	2.00	ga
21753	21756	2	2.00	tc
21784	21787	2	2.00	tc
21799	21810	6	2.00	acctcc
21825	21828	2	2.00	tc
21862	21866	2	2.50	gc
21869	21874	3	2.00	cca
21900	21905	3	2.00	tag
21904	21908	2	2.50	ag
21937	21940	2	2.00	tc
21943	21946	2	2.00	tc
21954	21957	2	2.00	tg
21960	21968	4	2.25	ccgc
22009	22012	2	2.00	gc
22027	22030	2	2.00	at
22036	22041	3	2.00	aat
22044	22049	2	3.00	tc
22077	22080	2	2.00	ag
22102	22105	2	2.00	ag
22196	22200	2	2.50	tc
22204	22209	3	2.00	ttg
22213	22216	2	2.00	gt
22216	22220	2	2.50	tc
22227	22231	2	2.50	tc
22238	22241	2	2.00	ca
22240	22252	3	4.33	cag
22308	22311	2	2.00	tc
22322	22327	3	2.00	cac
22325	22328	2	2.00	ca
22360	22363	2	2.00	ct
22393	22396	2	2.00	ac
22400	22403	2	2.00	gt
22413	22417	2	2.50	gt
22415	22420	3	2.00	gtg
22462	22465	2	2.00	ta
22467	22475	4	2.25	tctt
22539	22543	2	2.50	tc
22595	22598	2	2.00	tg
22623	22626	2	2.00	ag
22629	22640	6	2.00	gggact
22663	22666	2	2.00	ta
22676	22681	3	2.00	tct
22697	22700	2	2.00	ag
22723	22730	4	2.00	ttcc
22749	22752	2	2.00	ga
22770	22775	3	2.00	ttg
22797	22800	2	2.00	ac
22802	22806	2	2.50	ga
22805	22810	3	2.00	agc
22816	22819	2	2.00	ag
22839	22842	2	2.00	ta
22869	22872	2	2.00	tc
22892	22895	2	2.00	ct
22922	22927	3	2.00	cca
22954	22957	2	2.00	tg
22961	22964	2	2.00	tg
22968	22980	6	2.17	actgca
22993	22997	2	2.50	ca
23001	23004	2	2.00	ca
23020	23026	3	2.33	gct
23033	23036	2	2.00	at
23038	23042	2	2.50	tg
23053	23057	2	2.50	ga
23076	23084	4	2.25	agga
23120	23124	2	2.50	tc
23126	23129	2	2.00	ct
23132	23135	2	2.00	ct
23135	23138	2	2.00	ta
23144	23149	3	2.00	cac
23147	23150	2	2.00	ca
23165	23168	2	2.00	ca
23189	23192	2	2.00	ag
23222	23227	3	2.00	tat
23229	23234	3	2.00	aat
23259	23262	2	2.00	ga
23273	23276	2	2.00	ct
23276	23281	3	2.00	ttg
23307	23310	2	2.00	tc
23348	23351	2	2.00	tc
23389	23392	2	2.00	gc
23413	23418	3	2.00	tag
23417	23421	2	2.50	ag
23429	23432	2	2.00	tc
23468	23473	3	2.00	aga
23488	23491	2	2.00	tc
23519	23525	3	2.33	cca
23557	23560	2	2.00	gt
23561	23565	2	2.50	tc
23590	23593	2	2.00	gc
23603	23613	5	2.20	aaaat
23611	23614	2	2.00	at
23619	23623	2	2.50	ta
23629	23632	2	2.00	ta
23649	23652	2	2.00	ca
23667	23681	4	3.75	tttg
23684	23687	2	2.00	ga
23693	23696	2	2.00	tc
23698	23701	2	2.00	ct
23753	23758	3	2.00	cct
23772	23775	2	2.00	tc
23785	23790	3	2.00	cct
23816	23822	3	2.33	cca
23847	23850	2	2.00	ca
23850	23854	2	2.50	ag
23866	23870	2	2.50	tg
23883	23886	2	2.00	tc
23889	23892	2	2.00	tc
23950	23956	3	2.33	cca
23971	23983	4	3.25	tttc
23988	23993	3	2.00	tta
23993	23997	2	2.50	ag
24005	24008	2	2.00	tc
24036	24039	2	2.00	ca
24052	24055	2	2.00	tg
24081	24087	3	2.33	tcc
24095	24098	2	2.00	tc
24102	24105	2	2.00	ta
24114	24117	2	2.00	ta
24124	24131	3	2.67	cac
24149	24164	6	2.67	ttttct
24163	24172	5	2.00	ttttg
24172	24177	2	3.00	ga
24183	24186	2	2.00	tc
24205	24208	2	2.00	gt
24232	24236	2	2.50	ct
24242	24245	2	2.00	ga
24264	24269	3	2.00	gca
24270	24273	2	2.00	ac
24291	24296	2	3.00	tc
24339	24342	2	2.00	tg
24383	24388	3	2.00	gga
24431	24434	2	2.00	ga
24440	24443	2	2.00	tc
24467	24472	3	2.00	tgg
24477	24480	2	2.00	ca
24487	24490	2	2.00	ca
24505	24516	5	2.40	tgagg
24517	24522	3	2.00	gga
24532	24535	2	2.00	ca
24535	24540	3	2.00	agg
24566	24569	2	2.00	tg
24599	24602	2	2.00	ga
24608	24611	2	2.00	tc
24611	24616	3	2.00	caa
24612	24627	5	3.20	aacaa
24632	24635	2	2.00	tc
24641	24644	2	2.00	ta
24654	24657	2	2.00	tc
24669	24672	2	2.00	ag
24673	24679	2	3.50	ta
24686	24689	2	2.00	ga
24700	24703	2	2.00	ct
24788	24791	2	2.00	gc
24830	24837	4	2.00	aggg
24843	24846	2	2.00	ca
24854	24857	2	2.00	ga
24892	24896	2	2.50	tc
24895	24900	3	2.00	cta
24922	24926	2	2.50	gt
24924	24930	3	2.33	gtg
24957	24968	6	2.00	ggaggc
24971	24974	2	2.00	ga
25012	25015	2	2.00	ga
25018	25021	2	2.00	gc
25045	25048	2	2.00	ag
25059	25062	2	2.00	tc
25089	25092	2	2.00	ag
25093	25096	2	2.00	tc
25116	25119	2	2.00	ca
25124	25127	2	2.00	ca
25157	25160	2	2.00	ag
25167	25178	6	2.00	ttttta
25172	25185	7	2.00	attttta
25184	25187	2	2.00	ta
25187	25191	2	2.50	ag
25220	25223	2	2.00	tc
25267	25270	2	2.00	gt
25268	25273	3	2.00	tgt
25271	25274	2	2.00	tg
25282	25286	2	2.50	gt
25316	25319	2	2.00	ag
25337	25341	2	2.50	ac
25341	25344	2	2.00	ag
25371	25382	5	2.40	ttagg
25394	25400	3	2.33	tta
25409	25412	2	2.00	ag
25440	25443	2	2.00	tc
25453	25456	2	2.00	ct
25471	25478	4	2.00	tccc
25486	25489	2	2.00	ag
25529	25533	2	2.50	gt
25555	25558	2	2.00	ct
25579	25582	2	2.00	ga
25590	25595	3	2.00	cca
25596	25601	3	2.00	tgt
25599	25602	2	2.00	tg
25612	25618	3	2.33	cag
25615	25623	4	2.25	cagc
25629	25634	2	3.00	ga
25650	25655	3	2.00	att
25717	25724	4	2.00	tcag
25737	25740	2	2.00	ct
25745	25748	2	2.00	ca
25750	25754	2	2.50	ag
25774	25777	2	2.00	at
25789	25794	3	2.00	acc
25832	25837	2	3.00	tg
25837	25840	2	2.00	ga
25882	25889	4	2.00	tttg
25905	25908	2	2.00	at
25912	25915	2	2.00	tg
25929	25933	2	2.50	ct
25931	25936	3	2.00	ctc
25934	25937	2	2.00	ct
25942	25946	2	2.50	ct
25953	25957	2	2.50	ag
25977	25980	2	2.00	ta
25978	25985	4	2.00	ataa
26014	26019	3	2.00	taa
26047	26053	3	2.33	taa
26074	26077	2	2.00	ct
26112	26115	2	2.00	tg
26146	26151	3	2.00	ctt
26168	26171	2	2.00	ca
26183	26186	2	2.00	tg
26243	26246	2	2.00	tc
26251	26258	4	2.00	ccca
26286	26289	2	2.00	ag
26324	26327	2	2.00	tc
26351	26354	2	2.00	ag
26374	26377	2	2.00	ca
26393	26398	3	2.00	tct
26402	26407	3	2.00	ttc
26409	26412	2	2.00	ag
26465	26468	2	2.00	ga
26471	26475	2	2.50	ta
26497	26502	3	2.00	aac
26514	26520	3	2.33	tcc
26544	26547	2	2.00	ct
26551	26554	2	2.00	ag
26570	26575	3	2.00	act
26594	26599	3	2.00	ctt
26608	26611	2	2.00	gt
26615	26619	2	2.50	tg
26619	26622	2	2.00	ta
26633	26638	3	2.00	gca
26648	26655	4	2.00	tcca
26664	26671	3	2.67	cag
26670	26683	6	2.33	cactcc
26683	26686	2	2.00	at
26686	26689	2	2.00	tg
26703	26706	2	2.00	tc
26750	26753	2	2.00	ga
26759	26768	5	2.00	ctggg
26826	26829	2	2.00	ag
26844	26849	3	2.00	ctt
26886	26889	2	2.00	ca
26904	26907	2	2.00	tc
26911	26914	2	2.00	tc
26949	26955	2	3.50	ca
26965	26968	2	2.00	ta
26966	26971	3	2.00	ata
26995	26998	2	2.00	gt
27002	27005	2	2.00	tc
27012	27015	2	2.00	ga
27020	27025	3	2.00	tca
27046	27051	3	2.00	agg
27070	27076	3	2.33	tga
27093	27096	2	2.00	at
27108	27112	2	2.50	ga
27116	27120	2	2.50	ct
27135	27139	2	2.50	ct
27182	27187	3	2.00	tct
27245	27248	2	2.00	at
27258	27265	4	2.00	ctcc
27273	27277	2	2.50	tc
27291	27294	2	2.00	ct
27348	27353	3	2.00	acc
27359	27364	2	3.00	at
27368	27371	2	2.00	ac
27400	27403	2	2.00	ct
27406	27411	3	2.00	gct
27455	27458	2	2.00	ac
27477	27480	2	2.00	ag
27562	27565	2	2.00	at
27588	27591	2	2.00	gc
27621	27628	3	2.67	ggt
27624	27633	4	2.50	ggtg
27646	27649	2	2.00	gt
27650	27653	2	2.00	ag
27656	27661	3	2.00	gcg
27669	27673	2	2.50	ag
27678	27682	2	2.50	gc
27685	27690	3	2.00	gga
27691	27694	2	2.00	cg
27715	27728	7	2.00	gcctgct
27717	27723	3	2.33	ctg
27720	27727	4	2.00	ctgc
27746	27749	2	2.00	ga
27780	27783	2	2.00	gc
27798	27805	3	2.67	ggt
27811	27814	2	2.00	ga
27821	27824	2	2.00	gc
27843	27847	2	2.50	ac
27870	27875	3	2.00	ggc
27874	27887	7	2.00	gccggga
27900	27904	2	2.50	ac
27904	27909	2	3.00	ag
27956	27961	3	2.00	gcg
27959	27962	2	2.00	gc
27968	27971	2	2.00	tg
28059	28062	2	2.00	ag
28089	28093	2	2.50	tg
28100	28105	3	2.00	tgg
28110	28119	5	2.00	caaca
28112	28116	2	2.50	ac
28114	28119	3	2.00	aca
28122	28129	3	2.67	cga
28137	28144	3	2.67	ctg
28143	28146	2	2.00	ct
28167	28175	3	3.00	gct
28179	28182	2	2.00	ca
28193	28201	2	4.50	ca
28258	28265	4	2.00	ggaa
28276	28280	2	2.50	tc
28284	28290	3	2.33	cct
28291	28294	2	2.00	at
28307	28313	3	2.33	gct
28318	28321	2	2.00	tc
28324	28328	2	2.50	ga
28391	28396	2	3.00	ag
28406	28409	2	2.00	ta
28429	28432	2	2.00	tg
28442	28458	7	2.43	aaggccc
28471	28477	3	2.33	gga
28477	28480	2	2.00	gc
28491	28494	2	2.00	ga
28501	28504	2	2.00	ag
28523	28533	5	2.20	caggg
28583	28588	2	3.00	tc
28593	28597	2	2.50	tc
28636	28645	5	2.00	gagaa
28636	28639	2	2.00	ga
28637	28642	3	2.00	aga
28640	28644	2	2.50	ag
28675	28680	2	3.00	ac
28702	28709	2	4.00	gt
28745	28748	2	2.00	tg
28767	28772	3	2.00	ata
28770	28775	2	3.00	at
28777	28781	2	2.50	ta
28785	28788	2	2.00	at
28792	28796	2	2.50	ta
28796	28800	2	2.50	tg
28800	28806	3	2.33	taa
28818	28824	2	3.50	tg
28921	28924	2	2.00	gt
28951	28956	3	2.00	cct
28963	28966	2	2.00	ct
28973	28978	2	3.00	ga
29032	29035	2	2.00	at
29068	29072	2	2.50	ag
29077	29080	2	2.00	ag
29090	29093	2	2.00	ag
29100	29103	2	2.00	ac
29104	29109	2	3.00	gt
29111	29114	2	2.00	tg
29130	29133	2	2.00	gc
29154	29159	2	3.00	gt
29196	29199	2	2.00	at
29199	29204	3	2.00	ttg
29215	29218	2	2.00	gt
29240	29245	2	3.00	ga
29262	29267	3	2.00	aag
29290	29293	2	2.00	tg
29297	29302	2	3.00	ca
29315	29322	2	4.00	ag
29320	29330	3	3.67	gag
29341	29344	2	2.00	ta
29352	29356	2	2.50	tc
29398	29402	2	2.50	ga
29419	29422	2	2.00	ct
29430	29433	2	2.00	ta
29442	29445	2	2.00	tc
29461	29466	3	2.00	taa
29474	29481	4	2.00	ccca
29502	29507	3	2.00	tgc
29532	29536	2	2.50	tg
29564	29568	2	2.50	ag
29584	29587	2	2.00	ct
29602	29605	2	2.00	tc
29623	29632	4	2.50	tgcc
29660	29663	2	2.00	ac
29665	29670	3	2.00	tct
29671	29674	2	2.00	gc
29682	29689	4	2.00	gttc
29705	29708	2	2.00	ca
29710	29716	3	2.33	tca
29723	29732	5	2.00	gattt
29737	29740	2	2.00	ca
29745	29748	2	2.00	ac
29753	29757	2	2.50	ag
29774	29777	2	2.00	ga
29781	29786	3	2.00	tgc
29792	29795	2	2.00	gt
29813	29817	2	2.50	ag
29815	29820	3	2.00	aga
29818	29821	2	2.00	ag
29873	29876	2	2.00	ct
29884	29890	2	3.50	ac
29897	29906	5	2.00	tcact
29914	29919	3	2.00	tgg
29920	29925	3	2.00	gga
29933	29936	2	2.00	at
29942	29945	2	2.00	ta
29948	29951	2	2.00	ct
29975	29978	2	2.00	ca
29986	29989	2	2.00	ta
29997	30001	2	2.50	ta
30018	30027	5	2.00	cgggc
30123	30127	2	2.50	tc
30141	30145	2	2.50	at
30153	30162	3	3.33	ggt
30169	30172	2	2.00	tg
30201	30204	2	2.00	ga
30218	30223	3	2.00	agg
30225	30229	2	2.50	ag
30251	30254	2	2.00	ac
30271	30276	3	2.00	caa
30280	30283	2	2.00	ga
30289	30292	2	2.00	tc
30295	30308	5	2.80	aaaat
30300	30317	8	2.25	aaaataaa
30338	30341	2	2.00	ag
30342	30347	3	2.00	gaa
30348	30351	2	2.00	ac
30365	30368	2	2.00	ca
30374	30378	2	2.50	ct
30404	30415	4	3.00	ccac
30413	30416	2	2.00	ca
30413	30422	5	2.00	cacag
30418	30421	2	2.00	ca
30427	30432	2	3.00	ga
30451	30456	3	2.00	cca
30460	30463	2	2.00	ga
30464	30467	2	2.00	tg
30479	30482	2	2.00	ca
30492	30496	2	2.50	gt
30504	30509	3	2.00	acc
30512	30515	2	2.00	tg
30539	30544	3	2.00	cct
30560	30565	3	2.00	tgg
30593	30596	2	2.00	ag
30612	30616	2	2.50	ca
30635	30639	2	2.50	ct
30680	30683	2	2.00	ca
30694	30699	3	2.00	aag
30701	30706	3	2.00	agc
30707	30712	3	2.00	caa
30715	30719	2	2.50	tc
30725	30728	2	2.00	tc
30752	30755	2	2.00	ag
30757	30760	2	2.00	ga
30761	30770	4	2.50	aaat
30791	30796	3	2.00	ctc
30794	30797	2	2.00	ct
30830	30834	2	2.50	tg
30834	30837	2	2.00	tc
30847	30850	2	2.00	ca
30876	30881	2	3.00	ct
30897	30904	4	2.00	ccca
30926	30929	2	2.00	ac
30959	30964	3	2.00	ctc
30962	30965	2	2.00	ct
30977	30982	3	2.00	ctt
31049	31061	4	3.25	gcca
31060	31064	2	2.50	ag
31087	31090	2	2.00	ag
31139	31144	3	2.00	ggc
31171	31174	2	2.00	gc
31174	31177	2	2.00	ct
31182	31185	2	2.00	ag
31183	31189	3	2.33	gag
31210	31217	4	2.00	gcca
31245	31250	2	3.00	ac
31255	31260	3	2.00	gcc
31270	31273	2	2.00	gt
31278	31283	3	2.00	aga
31281	31285	2	2.50	ag
31331	31334	2	2.00	tg
31420	31424	2	2.50	tc
31425	31429	2	2.50	ac
31433	31436	2	2.00	cg
31466	31469	2	2.00	ta
31490	31501	6	2.00	agggag
31493	31497	2	2.50	ga
31512	31518	3	2.33	gga
31516	31520	2	2.50	ga
31553	31556	2	2.00	ag
31566	31569	2	2.00	ct
31590	31595	3	2.00	agg
31606	31609	2	2.00	ct
31613	31616	2	2.00	ct
31635	31639	2	2.50	ct
31649	31654	3	2.00	caa
31670	31673	2	2.00	tg
31699	31704	3	2.00	cag
31709	31712	2	2.00	ca
31712	31715	2	2.00	ag
31734	31741	4	2.00	agca
31749	31754	3	2.00	atg
31753	31756	2	2.00	tg
31799	31802	2	2.00	tc
31812	31815	2	2.00	gt
31813	31818	3	2.00	tgt
31816	31824	2	4.50	tg
31836	31843	2	4.00	tg
31843	31847	2	2.50	ga
31849	31852	2	2.00	at
31861	31867	2	3.50	ga
31926	31933	4	2.00	cctg
31934	31939	3	2.00	gct
31956	31961	3	2.00	tcc
31964	31967	2	2.00	tg
31986	31990	2	2.50	ag
31995	32002	3	2.67	gct
32005	32010	3	2.00	ctg
32030	32037	4	2.00	gaag
32038	32041	2	2.00	ac
32044	32047	2	2.00	tg
32053	32056	2	2.00	ag
32078	32085	4	2.00	agct
32094	32097	2	2.00	gc
32108	32112	2	2.50	gt
32128	32131	2	2.00	gc
32166	32175	4	2.50	gaaa
32172	32183	6	2.00	aagagg
32173	32176	2	2.00	ag
32179	32182	2	2.00	ag
32191	32195	2	2.50	ac
32195	32198	2	2.00	ag
32196	32203	3	2.67	gag
32202	32209	3	2.67	gaa
32207	32210	2	2.00	ag
32208	32213	3	2.00	gag
32211	32214	2	2.00	ga
32216	32219	2	2.00	ag
32227	32231	2	2.50	ga
32249	32253	2	2.50	tg
32262	32265	2	2.00	ct
32266	32273	3	2.67	gcc
32273	32280	4	2.00	ctgt
32278	32281	2	2.00	tg
32298	32303	3	2.00	ctc
32323	32326	2	2.00	ga
32333	32336	2	2.00	tc
32342	32345	2	2.00	tg
32367	32370	2	2.00	ct
32374	32381	4	2.00	tgga
32380	32384	2	2.50	ga
32405	32408	2	2.00	ca
32427	32434	2	4.00	ag
32449	32452	2	2.00	tg
32452	32457	3	2.00	gag
32455	32459	2	2.50	ga
32491	32495	2	2.50	ca
32496	32503	3	2.67	ctg
32509	32513	2	2.50	gt
32517	32520	2	2.00	ag
32519	32526	4	2.00	agcc
32528	32533	3	2.00	agg
32541	32544	2	2.00	ag
32609	32612	2	2.00	tc
32612	32615	2	2.00	ca
32615	32619	2	2.50	ag
32627	32630	2	2.00	ct
32630	32633	2	2.00	tg
32709	32712	2	2.00	ga
32717	32720	2	2.00	ag
32723	32726	2	2.00	ca
32726	32730	2	2.50	ag
32763	32771	3	3.00	cct
32797	32800	2	2.00	ca
32797	32806	5	2.00	cacag
32802	32805	2	2.00	ca
32805	32808	2	2.00	ag
32849	32852	2	2.00	ct
32850	32864	7	2.14	tctgact
32897	32900	2	2.00	tc
32901	32904	2	2.00	ag
32914	32919	3	2.00	gct
32918	32921	2	2.00	ct
32932	32935	2	2.00	tg
32981	32984	2	2.00	ac
32995	33003	4	2.25	ctta
33006	33009	2	2.00	tg
33030	33033	2	2.00	ta
33035	33038	2	2.00	at
33051	33056	3	2.00	ctc
33071	33078	4	2.00	aggt
33099	33106	4	2.00	tgag
33165	33168	2	2.00	ag
33187	33190	2	2.00	tc
33210	33213	2	2.00	gt
33232	33238	3	2.33	cca
33236	33240	2	2.50	ca
33262	33265	2	2.00	ac
33276	33281	3	2.00	cca
33326	33331	3	2.00	ggt
33331	33334	2	2.00	tc
33332	33344	4	3.25	ctcc
33372	33375	2	2.00	gt
33426	33433	4	2.00	aggg
33466	33473	3	2.67	cct
33479	33484	3	2.00	ctg
33495	33498	2	2.00	gt
33531	33538	4	2.00	gggc
33564	33568	2	2.50	ga
33577	33580	2	2.00	ga
33598	33603	3	2.00	tgc
33604	33608	2	2.50	ag
33617	33621	2	2.50	ac
33622	33625	2	2.00	ag
33648	33655	4	2.00	tggg
33653	33666	7	2.00	gggatgg
33661	33670	4	2.50	ggat
33690	33693	2	2.00	ga
33708	33711	2	2.00	ca
33710	33715	3	2.00	cag
33714	33717	2	2.00	ag
33717	33720	2	2.00	gc
33733	33740	4	2.00	tggg
33758	33761	2	2.00	gc
33769	33776	3	2.67	cct
33775	33780	3	2.00	cca
33783	33790	4	2.00	cact
33812	33817	3	2.00	ctc
33838	33846	4	2.25	ggct
33849	33852	2	2.00	ag
33859	33865	3	2.33	cac
33961	33972	6	2.00	tgtcac
33995	34000	3	2.00	ctt
34009	34014	3	2.00	ggc
34013	34018	3	2.00	gcc
34038	34041	2	2.00	gc
34058	34061	2	2.00	gt
34078	34081	2	2.00	gt
34081	34084	2	2.00	tc
34104	34109	3	2.00	cac
34133	34137	2	2.50	gt
34140	34147	4	2.00	cgtg
34146	34153	4	2.00	tggc
34183	34188	2	3.00	ca
34193	34199	3	2.33	gca
34227	34234	3	2.67	tgc
34238	34241	2	2.00	ca
34277	34286	5	2.00	ccagg
34303	34308	2	3.00	ca
34340	34344	2	2.50	gt
34351	34354	2	2.00	tg
34360	34371	5	2.40	gcctg
34402	34407	3	2.00	gcc
34403	34410	4	2.00	ccgc
34409	34414	3	2.00	gct
34430	34435	3	2.00	tct
34433	34436	2	2.00	tc
34494	34497	2	2.00	ct
34496	34501	3	2.00	ctg
34502	34509	3	2.67	gga
34513	34519	3	2.33	tcc
34614	34621	4	2.00	ggcc
34639	34646	4	2.00	ggcc
34644	34652	4	2.25	gcca
34716	34725	5	2.00	caggg
34732	34735	2	2.00	tc
34749	34754	3	2.00	ctt
34754	34759	3	2.00	tga
34773	34781	3	3.00	ctt
34787	34792	2	3.00	tc
34796	34801	2	3.00	gt
34833	34837	2	2.50	ca
34851	34855	2	2.50	gt
34857	34863	2	3.50	gc
34886	34889	2	2.00	tc
34890	34895	3	2.00	gaa
34898	34903	3	2.00	cgc
34910	34913	2	2.00	ca
34922	34926	2	2.50	cg
34932	34935	2	2.00	ct
34971	34994	3	8.00	agg
34984	35024	10	4.10	ggaggaggag
34987	35001	7	2.14	ggaggag
34990	34998	4	2.25	ggag
34994	35004	3	3.67	gga
34997	35011	7	2.14	ggaggag
35000	35008	4	2.25	ggag
35004	35014	3	3.67	gga
35004	35034	13	2.38	ggaggaggaggga
35007	35021	7	2.14	ggaggag
35010	35018	4	2.25	ggag
35014	35027	3	4.67	gga
35020	35041	7	3.14	ggaggag
35023	35031	4	2.25	ggag
35027	35034	3	2.67	gga
35030	35038	4	2.25	ggag
35034	35091	3	19.33	gga
35089	35092	2	2.00	ga
35093	35098	3	2.00	agg
35097	35105	3	3.00	ggc
35171	35175	2	2.50	ca
35173	35179	3	2.33	cac
35175	35183	4	2.25	ccac
35179	35184	3	2.00	cca
35190	35196	3	2.33	caa
35219	35222	2	2.00	ag
35240	35243	2	2.00	ct
35241	35246	3	2.00	tct
35320	35325	2	3.00	ct
35335	35340	3	2.00	tcc
35352	35355	2	2.00	ga
35375	35378	2	2.00	gt
35408	35412	2	2.50	ct
35422	35425	2	2.00	ca
35425	35428	2	2.00	ag
35434	35438	2	2.50	ac
35434	35443	5	2.00	acaca
35436	35441	3	2.00	aca
35439	35444	2	3.00	ac
35449	35452	2	2.00	gc
35458	35461	2	2.00	ca
35488	35493	2	3.00	ca
35524	35528	2	2.50	ac
35535	35539	2	2.50	gt
35567	35572	3	2.00	atg
35579	35582	2	2.00	ag
35597	35606	5	2.00	gtgct
35601	35604	2	2.00	tg
35640	35647	4	2.00	caga
35645	35648	2	2.00	ag
35664	35667	2	2.00	tc
35699	35702	2	2.00	ca
35714	35717	2	2.00	tg
35717	35722	3	2.00	gga
35725	35729	2	2.50	ag
35738	35742	2	2.50	ca
35788	35792	2	2.50	ac
35824	35829	3	2.00	ctg
35863	35866	2	2.00	tc
35876	35884	4	2.25	ctgg
35910	35913	2	2.00	ca
35914	35918	2	2.50	ag
35929	35934	3	2.00	ctg
35945	35949	2	2.50	ac
35958	35961	2	2.00	tc
35982	35990	3	3.00	agc
36020	36024	2	2.50	ac
36033	36037	2	2.50	tg
36039	36044	2	3.00	ct
36051	36054	2	2.00	gt
36054	36059	3	2.00	tcc
36081	36084	2	2.00	ct
36107	36113	3	2.33	gga
36111	36114	2	2.00	ga
36128	36131	2	2.00	tc
36150	36154	2	2.50	ca
36157	36161	2	2.50	ac
36171	36174	2	2.00	gt
36186	36191	3	2.00	gtg
36240	36245	3	2.00	gca
36246	36249	2	2.00	tc
36258	36261	2	2.00	tc
36286	36291	3	2.00	ctt
36297	36302	3	2.00	agg
36337	36347	3	3.67	agg
36345	36349	2	2.50	ga
36380	36390	3	3.67	ggt
36394	36399	3	2.00	ctt
36410	36413	2	2.00	ga
36414	36417	2	2.00	tg
36461	36464	2	2.00	gc
36462	36468	3	2.33	cgc
36469	36475	3	2.33	cat
36502	36507	3	2.00	tgg
36518	36523	3	2.00	cca
36528	36531	2	2.00	ga
36541	36545	2	2.50	tc
36552	36555	2	2.00	tc
36563	36566	2	2.00	gt
36622	36628	2	3.50	gc
36635	36639	2	2.50	ga
36651	36654	2	2.00	tc
36655	36660	3	2.00	gaa
36663	36668	3	2.00	cac
36666	36669	2	2.00	ca
36686	36689	2	2.00	tc
36697	36700	2	2.00	ct
36713	36719	3	2.33	gca
36718	36725	3	2.67	agg
36723	36726	2	2.00	ga
36774	36777	2	2.00	gt
36788	36799	6	2.00	tgggcg
36796	36801	3	2.00	ggc
36800	36808	3	3.00	gca
36813	36816	2	2.00	ca
36823	36829	3	2.33	ggt
36833	36844	6	2.00	gcaggt
36853	36859	3	2.33	gga
36904	36909	2	3.00	ag
36910	36913	2	2.00	ca
36932	36940	3	3.00	gga
36960	36963	2	2.00	ct
36963	36966	2	2.00	tg
36972	36977	3	2.00	caa
37013	37016	2	2.00	tg
37036	37039	2	2.00	tg
37044	37047	2	2.00	ct
37049	37053	2	2.50	ca
37066	37069	2	2.00	tc
37087	37090	2	2.00	tc
37118	37125	2	4.00	ag
37131	37136	3	2.00	agc
37144	37149	3	2.00	caa
37152	37156	2	2.50	tc
37203	37208	3	2.00	cag
37207	37214	4	2.00	aggg
37218	37221	2	2.00	tg
37257	37263	3	2.33	gag
37277	37280	2	2.00	ga
37287	37290	2	2.00	ag
37294	37298	2	2.50	ga
37296	37301	3	2.00	gag
37299	37302	2	2.00	ga
37309	37312	2	2.00	ca
37315	37318	2	2.00	ag
37332	37338	3	2.33	cgg
37340	37347	3	2.67	gcg
37349	37353	2	2.50	ga
37384	37387	2	2.00	cg
37402	37407	3	2.00	ctt
37411	37416	3	2.00	cgg
37433	37437	2	2.50	ga
37441	37444	2	2.00	cg
37454	37459	3	2.00	ggc
37458	37463	3	2.00	gcc
37478	37487	5	2.00	gcgcc
37478	37481	2	2.00	gc
37479	37484	3	2.00	cgc
37482	37486	2	2.50	cg
37488	37495	4	2.00	tggg
37516	37521	3	2.00	cct
37521	37526	3	2.00	tga
37585	37588	2	2.00	gc
37626	37629	2	2.00	tc
37643	37646	2	2.00	ca
37660	37665	2	3.00	ct
37691	37694	2	2.00	ga
37699	37703	2	2.50	ac
37717	37722	3	2.00	gcc
37728	37735	4	2.00	ggcc
37751	37756	3	2.00	agg
37762	37766	2	2.50	gt
37774	37779	3	2.00	gct
37879	37882	2	2.00	gt
37883	37888	2	3.00	ag
37950	37954	2	2.50	ct
37992	37997	3	2.00	tgg
37997	38003	3	2.33	gct
38022	38026	2	2.50	ca
38125	38128	2	2.00	ga
38148	38151	2	2.00	ct
38158	38161	2	2.00	ca
38165	38168	2	2.00	at
38181	38186	3	2.00	tgt
38229	38234	3	2.00	ttc
38241	38250	4	2.50	cctg
38256	38259	2	2.00	ca
38268	38273	3	2.00	agg
38291	38294	2	2.00	gc
38295	38300	2	3.00	ag
38305	38308	2	2.00	ct
38311	38317	3	2.33	gtg
38333	38338	3	2.00	tga
38407	38410	2	2.00	ga
38420	38423	2	2.00	ca
38454	38457	2	2.00	ca
38463	38467	2	2.50	ag
38474	38477	2	2.00	ag
38512	38517	3	2.00	tca
38549	38558	5	2.00	aaagt
38572	38575	2	2.00	ca
38581	38586	3	2.00	ggc
38594	38597	2	2.00	ga
38601	38604	2	2.00	ag
38617	38620	2	2.00	ct
38619	38628	5	2.00	ctggc
38624	38632	4	2.25	ctgg
38664	38674	4	2.75	ccca
38724	38727	2	2.00	gc
38733	38740	4	2.00	cctc
38743	38746	2	2.00	ct
38754	38758	2	2.50	ca
38756	38763	4	2.00	cact
38801	38804	2	2.00	tg
38815	38824	4	2.50	ggcc
38846	38849	2	2.00	ct
38892	38897	3	2.00	gtg
38895	38898	2	2.00	gt
38905	38910	3	2.00	gag
38913	38917	2	2.50	ga
38945	38948	2	2.00	ga
38972	38977	3	2.00	ttg
38979	38984	3	2.00	cag
39016	39026	5	2.20	gccgg
39038	39043	3	2.00	acc
39042	39047	3	2.00	cct
39061	39066	3	2.00	ctt
39118	39121	2	2.00	ca
39129	39132	2	2.00	ag
39130	39136	3	2.33	gag
39146	39149	2	2.00	gc
39147	39152	3	2.00	cgc
39151	39156	3	2.00	gct
39163	39166	2	2.00	ct
39193	39199	2	3.50	gc
39222	39225	2	2.00	tc
39250	39255	3	2.00	ggt
39260	39263	2	2.00	ct
39277	39281	2	2.50	ac
39281	39284	2	2.00	ag
39290	39294	2	2.50	ga
39300	39303	2	2.00	tg
39319	39323	2	2.50	ct
39329	39332	2	2.00	tc
39330	39336	3	2.33	ctc
39340	39344	2	2.50	ga
39370	39373	2	2.00	gt
39401	39404	2	2.00	ca
39413	39418	3	2.00	aac
39421	39425	2	2.50	ag
39434	39439	3	2.00	gct
39462	39465	2	2.00	ga
39469	39474	2	3.00	ag
39483	39486	2	2.00	tg
39495	39500	2	3.00	ca
39499	39504	3	2.00	cag
39505	39508	2	2.00	ga
39510	39513	2	2.00	ag
39526	39533	4	2.00	ccag
39538	39541	2	2.00	ac
39546	39549	2	2.00	ca
39586	39591	2	3.00	ca
39596	39605	5	2.00	ctgac
39609	39612	2	2.00	ca
39635	39640	3	2.00	acc
39641	39644	2	2.00	ct
39644	39647	2	2.00	tg
39666	39669	2	2.00	ac
39682	39685	2	2.00	tc
39693	39696	2	2.00	ct
39699	39702	2	2.00	ca
39702	39705	2	2.00	ag
39728	39732	2	2.50	tc
39734	39737	2	2.00	tc
39765	39768	2	2.00	ag
39789	39794	3	2.00	ctc
39792	39796	2	2.50	ct
39837	39842	3	2.00	aac
