Start	End	Length	Ratio	Motif
13	17	2	2.50	gc
26	29	2	2.00	ca
30	35	3	2.00	ttc
36	41	3	2.00	ggt
58	61	2	2.00	gt
64	69	3	2.00	agc
103	106	2	2.00	ag
112	115	2	2.00	ta
170	173	2	2.00	tg
182	186	2	2.50	ct
185	190	3	2.00	tcg
201	206	3	2.00	cca
219	240	3	7.33	gtg
239	251	3	4.33	gga
273	276	2	2.00	ac
279	282	2	2.00	ac
285	291	2	3.50	ac
295	298	2	2.00	ca
301	304	2	2.00	tg
306	310	2	2.50	gt
323	329	3	2.33	gca
331	334	2	2.00	ca
336	339	2	2.00	gt
342	345	2	2.00	gt
346	351	3	2.00	tgg
353	360	3	2.67	gga
365	370	3	2.00	ggt
370	379	5	2.00	ttccc
385	391	3	2.33	cac
390	396	3	2.33	cct
398	403	3	2.00	tcc
410	416	3	2.33	gcc
428	435	4	2.00	gcgg
431	442	3	4.00	ggc
471	474	2	2.00	tc
503	506	2	2.00	cg
505	514	5	2.00	cggac
524	531	4	2.00	aaca
551	554	2	2.00	gt
593	597	2	2.50	ct
603	606	2	2.00	tc
619	626	4	2.00	aatt
633	637	2	2.50	ca
678	682	2	2.50	tc
714	718	2	2.50	ac
719	722	2	2.00	tg
738	741	2	2.00	ta
762	765	2	2.00	ga
787	790	2	2.00	at
796	801	3	2.00	gtt
827	830	2	2.00	ga
879	886	4	2.00	gtat
884	888	2	2.50	ta
907	910	2	2.00	ac
916	921	3	2.00	att
923	926	2	2.00	gt
933	940	3	2.67	ttc
950	964	6	2.50	ttacat
965	968	2	2.00	at
968	972	2	2.50	tg
979	987	4	2.25	tggc
1010	1013	2	2.00	tg
1018	1021	2	2.00	at
1021	1024	2	2.00	tc
1024	1034	4	2.75	cata
1032	1037	3	2.00	cat
1040	1043	2	2.00	ct
1128	1131	2	2.00	ta
1142	1147	2	3.00	ca
1182	1188	3	2.33	atg
1190	1193	2	2.00	at
1214	1219	3	2.00	att
1261	1264	2	2.00	at
1264	1269	3	2.00	tgc
1268	1273	3	2.00	gca
1302	1307	3	2.00	gtt
1315	1318	2	2.00	at
1333	1336	2	2.00	ta
1365	1370	3	2.00	gct
1435	1443	4	2.25	ttta
1437	1449	6	2.17	tattta
1441	1445	2	2.50	ta
1443	1455	4	3.25	tatt
1477	1481	2	2.50	ag
1504	1513	4	2.50	ctac
1516	1519	2	2.00	ac
1520	1529	4	2.50	ttag
1532	1537	3	2.00	tat
1548	1551	2	2.00	ta
1617	1626	5	2.00	aatat
1618	1622	2	2.50	at
1620	1625	3	2.00	ata
1623	1626	2	2.00	at
1641	1645	2	2.50	tc
1652	1659	3	2.67	cgg
1664	1667	2	2.00	ac
1693	1698	3	2.00	ccg
1698	1704	3	2.33	gag
1703	1708	3	2.00	ggt
1704	1715	6	2.00	gtggtc
1747	1750	2	2.00	gc
1766	1769	2	2.00	gc
1813	1816	2	2.00	tg
1819	1822	2	2.00	ac
1825	1830	3	2.00	gcc
1859	1863	2	2.50	gt
1872	1879	4	2.00	atta
1885	1888	2	2.00	tg
1906	1909	2	2.00	ga
1914	1920	3	2.33	cat
1943	1948	3	2.00	cac
1959	1966	4	2.00	gaac
1978	1981	2	2.00	cg
1980	1985	3	2.00	cgt
2007	2010	2	2.00	ag
2029	2032	2	2.00	gt
2037	2040	2	2.00	cg
2038	2043	3	2.00	gcg
2057	2062	3	2.00	gga
2100	2103	2	2.00	ga
2178	2181	2	2.00	cg
2230	2235	3	2.00	gta
2248	2253	3	2.00	atc
2349	2353	2	2.50	tc
2354	2359	3	2.00	gca
2367	2372	3	2.00	ggc
2444	2447	2	2.00	tg
2445	2451	3	2.33	gtg
2567	2570	2	2.00	tg
2571	2575	2	2.50	ga
2597	2600	2	2.00	ac
2629	2632	2	2.00	ct
2646	2649	2	2.00	cg
2737	2743	3	2.33	ctt
2764	2767	2	2.00	gc
2781	2786	3	2.00	agt
2804	2807	2	2.00	tc
2830	2833	2	2.00	tc
2862	2869	3	2.67	gca
2882	2889	4	2.00	agta
2913	2916	2	2.00	at
2918	2925	4	2.00	aaat
2948	2951	2	2.00	tg
2951	2956	3	2.00	gag
2961	2968	4	2.00	tggc
2967	2970	2	2.00	gc
3022	3025	2	2.00	tg
3030	3035	2	3.00	gt
3051	3054	2	2.00	ct
3058	3063	3	2.00	agc
3060	3070	4	2.75	cagc
3078	3081	2	2.00	at
3096	3102	3	2.33	tac
3141	3144	2	2.00	ga
3146	3150	2	2.50	cg
3154	3159	3	2.00	cca
3161	3166	3	2.00	gcc
3172	3177	3	2.00	tga
3178	3185	3	2.67	ggc
3191	3194	2	2.00	ga
3194	3197	2	2.00	at
3224	3229	2	3.00	gc
3235	3238	2	2.00	gc
3237	3244	4	2.00	gcag
3248	3252	2	2.50	tc
3254	3257	2	2.00	ca
3344	3347	2	2.00	ac
3352	3355	2	2.00	ac
3362	3365	2	2.00	at
3375	3381	3	2.33	acg
3380	3383	2	2.00	ga
3425	3432	3	2.67	aac
3431	3436	3	2.00	aat
3452	3457	3	2.00	cat
3457	3463	3	2.33	tgc
3462	3466	2	2.50	ct
3494	3499	3	2.00	ctg
3523	3526	2	2.00	tg
3527	3536	5	2.00	gaaga
3529	3533	2	2.50	ag
3531	3538	3	2.67	aga
3539	3545	3	2.33	gat
3549	3553	2	2.50	ac
3555	3558	2	2.00	ct
3566	3571	3	2.00	gca
3575	3580	3	2.00	aac
3599	3604	3	2.00	cta
3609	3612	2	2.00	at
3624	3627	2	2.00	at
3640	3643	2	2.00	tg
3646	3649	2	2.00	tc
3685	3688	2	2.00	tg
3700	3706	3	2.33	gct
3779	3783	2	2.50	ca
3783	3786	2	2.00	ct
3811	3814	2	2.00	tg
3830	3833	2	2.00	ct
3844	3847	2	2.00	ga
3853	3858	3	2.00	taa
3860	3865	3	2.00	aag
3868	3871	2	2.00	ct
3886	3891	3	2.00	ctt
3930	3937	3	2.67	agc
3951	3954	2	2.00	tg
3967	3971	2	2.50	tc
4009	4015	3	2.33	cga
4015	4018	2	2.00	ct
4064	4067	2	2.00	ag
4066	4071	3	2.00	agc
4091	4098	3	2.67	tcc
4104	4107	2	2.00	at
4151	4158	3	2.67	tca
4163	4166	2	2.00	at
4216	4221	3	2.00	tcc
4240	4245	3	2.00	tga
4246	4249	2	2.00	gt
4292	4295	2	2.00	tg
4307	4312	3	2.00	tgc
4313	4316	2	2.00	ga
4320	4323	2	2.00	gc
4333	4338	3	2.00	gaa
4355	4358	2	2.00	ga
4362	4365	2	2.00	tc
4363	4368	3	2.00	ctc
4368	4373	2	3.00	cg
4381	4386	3	2.00	cga
4387	4390	2	2.00	gt
4394	4398	2	2.50	gt
4419	4426	3	2.67	tct
4433	4436	2	2.00	tg
4440	4443	2	2.00	at
4451	4454	2	2.00	tg
4470	4475	3	2.00	tga
4488	4492	2	2.50	tg
4493	4500	4	2.00	cgca
4508	4511	2	2.00	ga
4511	4514	2	2.00	at
4512	4517	3	2.00	tat
4529	4534	3	2.00	tgc
4545	4550	3	2.00	gac
4553	4556	2	2.00	ga
4559	4562	2	2.00	gt
4606	4611	3	2.00	cga
4628	4635	3	2.67	gca
4643	4646	2	2.00	tg
4676	4682	3	2.33	aac
4680	4683	2	2.00	ac
4704	4712	3	3.00	gca
4730	4735	3	2.00	aat
4735	4738	2	2.00	tc
4748	4755	3	2.67	gca
4756	4759	2	2.00	ct
4767	4770	2	2.00	tc
4779	4785	3	2.33	cag
4792	4795	2	2.00	cg
4797	4802	3	2.00	tgg
4816	4822	3	2.33	caa
4828	4835	4	2.00	gatg
4832	4838	3	2.33	gat
4851	4858	3	2.67	agc
4902	4905	2	2.00	at
4934	4937	2	2.00	ta
4943	4947	2	2.50	tg
4987	4990	2	2.00	tg
5009	5014	2	3.00	tg
5031	5034	2	2.00	gt
5071	5074	2	2.00	ct
5072	5077	3	2.00	tct
5095	5100	2	3.00	ca
5104	5108	2	2.50	cg
5108	5111	2	2.00	ca
5117	5120	2	2.00	ca
5138	5141	2	2.00	at
5152	5155	2	2.00	ca
5160	5163	2	2.00	ta
5163	5169	2	3.50	ac
5169	5175	2	3.50	at
5175	5183	2	4.50	ac
5184	5187	2	2.00	at
5189	5197	2	4.50	at
5200	5206	2	3.50	ta
5218	5221	2	2.00	ta
5230	5235	2	3.00	at
5245	5248	2	2.00	at
5250	5257	4	2.00	caaa
