Start	End	Length	Ratio	Motif
#AF208234.1 Homo sapiens cystatin B (CSTB) gene, promoter region and complete cds
25	31	3	2.33	tta
26	47	7	3.14	tattata
29	35	2	3.50	ta
31	40	5	2.00	tatat
33	38	3	2.00	tat
36	42	2	3.50	ta
38	48	5	2.20	tatat
40	45	3	2.00	tat
43	47	2	2.50	ta
45	52	4	2.00	tatt
48	54	3	2.33	tta
52	58	2	3.50	ta
56	63	4	2.00	tatt
59	65	3	2.33	tta
63	66	2	2.00	ta
77	82	3	2.00	cag
87	90	2	2.00	ag
102	106	2	2.50	gt
104	110	3	2.33	gtg
129	132	2	2.00	ac
208	212	2	2.50	tc
212	215	2	2.00	ta
233	238	3	2.00	tgg
238	245	4	2.00	gcac
279	282	2	2.00	ga
310	316	3	2.33	gca
332	341	5	2.00	gcact
341	348	4	2.00	tcca
360	363	2	2.00	ag
365	368	2	2.00	ga
369	372	2	2.00	ct
373	378	3	2.00	gaa
374	385	4	3.00	aaga
383	389	2	3.50	ag
391	395	2	2.50	ag
397	407	2	5.50	ag
411	424	2	7.00	ag
422	438	4	4.25	gagg
432	445	7	2.00	gggaggg
439	448	4	2.50	ggga
444	449	3	2.00	gga
480	483	2	2.00	ac
493	500	4	2.00	cttc
518	521	2	2.00	gc
561	565	2	2.50	tc
644	647	2	2.00	ag
651	654	2	2.00	ca
654	657	2	2.00	ag
672	675	2	2.00	ga
690	700	5	2.20	acccc
728	731	2	2.00	tc
739	745	3	2.33	cag
793	798	3	2.00	ctc
803	806	2	2.00	ga
818	821	2	2.00	tc
819	825	3	2.33	ctc
853	859	3	2.33	ctg
875	879	2	2.50	gt
918	922	2	2.50	ca
936	939	2	2.00	ct
944	947	2	2.00	tc
955	958	2	2.00	ca
960	967	4	2.00	cctc
1012	1015	2	2.00	ct
1024	1029	3	2.00	ctg
1035	1038	2	2.00	tc
1044	1048	2	2.50	ac
1049	1054	2	3.00	ag
1102	1105	2	2.00	tc
1126	1129	2	2.00	ca
1137	1143	3	2.33	tcc
1184	1188	2	2.50	ga
1204	1209	3	2.00	agg
1240	1243	2	2.00	ac
1253	1257	2	2.50	ac
1266	1269	2	2.00	ag
1286	1291	3	2.00	agc
1344	1347	2	2.00	ca
1349	1354	3	2.00	aga
1352	1355	2	2.00	ag
1366	1371	3	2.00	tgg
1395	1400	3	2.00	caa
1400	1405	3	2.00	atg
1411	1414	2	2.00	ct
1439	1443	2	2.50	ca
1491	1494	2	2.00	tg
1507	1511	2	2.50	ag
1520	1523	2	2.00	ca
1555	1562	4	2.00	tgca
1595	1602	4	2.00	tggg
1605	1608	2	2.00	ct
1619	1624	3	2.00	gag
1630	1634	2	2.50	ca
1649	1652	2	2.00	ca
1655	1669	6	2.50	ccccac
1661	1670	5	2.00	cccca
1685	1696	5	2.40	ccctt
1700	1705	3	2.00	ggt
1738	1743	2	3.00	tg
1741	1747	3	2.33	gtg
1776	1783	4	2.00	ggat
1820	1824	2	2.50	at
1827	1830	2	2.00	ga
1836	1840	2	2.50	tc
1847	1850	2	2.00	ac
1886	1891	3	2.00	aat
1964	1969	2	3.00	ct
1971	1975	2	2.50	tc
1975	1981	2	3.50	ta
1981	1988	2	4.00	tg
2001	2004	2	2.00	tg
2012	2017	3	2.00	cta
2016	2019	2	2.00	ta
2019	2024	3	2.00	agc
2050	2055	3	2.00	agg
2073	2076	2	2.00	tg
2107	2110	2	2.00	ag
2116	2119	2	2.00	ct
2134	2148	4	3.75	aaag
2142	2151	5	2.00	aaaga
2149	2152	2	2.00	ag
2230	2233	2	2.00	ga
2246	2249	2	2.00	at
2262	2266	2	2.50	tc
2265	2270	3	2.00	cta
2274	2278	2	2.50	ac
2289	2292	2	2.00	gc
2299	2306	2	4.00	gc
2340	2343	2	2.00	ga
2347	2351	2	2.50	gt
2381	2384	2	2.00	ga
2387	2390	2	2.00	gc
2428	2431	2	2.00	tc
2455	2458	2	2.00	gc
2466	2470	2	2.50	ca
2510	2513	2	2.00	ca
2521	2524	2	2.00	ga
2527	2530	2	2.00	ga
2543	2547	2	2.50	ac
2588	2592	2	2.50	gt
2590	2596	3	2.33	gtg
2595	2602	4	2.00	ggcg
2600	2603	2	2.00	gc
2637	2640	2	2.00	ga
2678	2681	2	2.00	ga
2683	2687	2	2.50	cg
2706	2709	2	2.00	ga
2711	2714	2	2.00	ag
2716	2719	2	2.00	ga
2725	2728	2	2.00	tc
2749	2763	5	3.00	aaaag
2764	2775	4	3.00	gaaa
2769	2780	5	2.40	aaaga
2797	2802	3	2.00	cca
2802	2806	2	2.50	ag
2814	2821	3	2.67	ctt
2819	2822	2	2.00	tc
2827	2830	2	2.00	ct
2846	2853	4	2.00	ccca
2861	2865	2	2.50	gc
2869	2872	2	2.00	gc
2875	2878	2	2.00	tc
2880	2887	4	2.00	ccct
2894	2897	2	2.00	ct
2906	2919	7	2.00	ccttcag
2919	2922	2	2.00	gt
2923	2926	2	2.00	tc
2930	2933	2	2.00	ca
2958	2962	2	2.50	ca
2970	2973	2	2.00	cg
2981	3002	7	3.14	gacccct
3005	3008	2	2.00	gc
3010	3013	2	2.00	gc
3011	3020	5	2.00	cgccc
3018	3026	4	2.25	ccct
3029	3033	2	2.50	gc
3100	3105	2	3.00	gc
3120	3123	2	2.00	ac
3129	3133	2	2.50	cg
3131	3142	6	2.00	cgcccc
3134	3143	5	2.00	ccccg
3148	3152	2	2.50	gt
3158	3161	2	2.00	gc
3193	3196	2	2.00	gc
3196	3204	4	2.25	ctcc
3206	3209	2	2.00	ac
3212	3215	2	2.00	gc
3219	3223	2	2.50	gc
3224	3227	2	2.00	ga
3236	3241	3	2.00	gcg
3243	3249	3	2.33	gtg
3257	3267	5	2.20	ccccg
3257	3293	12	3.08	ccccgccccgcg
3260	3274	7	2.14	cgccccg
3265	3269	2	2.50	cg
3267	3279	5	2.60	cgccc
3272	3286	7	2.14	cgccccg
3277	3281	2	2.50	cg
3279	3291	5	2.60	cgccc
3289	3294	2	3.00	cg
3298	3303	3	2.00	ctt
3314	3317	2	2.00	cg
3347	3354	3	2.67	cct
3368	3375	4	2.00	ccgc
3373	3378	2	3.00	cg
3392	3395	2	2.00	gc
3407	3412	3	2.00	gag
3412	3419	3	2.67	gcc
3417	3420	2	2.00	cg
3457	3463	3	2.33	cgc
3466	3472	3	2.33	gat
3471	3474	2	2.00	tg
3479	3482	2	2.00	gc
3504	3509	3	2.00	ccg
3509	3512	2	2.00	ga
3518	3521	2	2.00	ca
3532	3541	4	2.50	ggtg
3543	3546	2	2.00	cg
3554	3561	4	2.00	ggcc
3585	3589	2	2.50	gc
3586	3597	6	2.00	cgcggc
3592	3595	2	2.00	cg
3609	3614	3	2.00	aag
3631	3634	2	2.00	gc
3655	3658	2	2.00	tg
3664	3668	2	2.50	ga
3670	3678	4	2.25	cctc
3687	3694	2	4.00	cg
3699	3704	3	2.00	agc
3712	3716	2	2.50	cg
3722	3725	2	2.00	gc
3723	3728	3	2.00	cgc
3733	3736	2	2.00	ga
3814	3818	2	2.50	tc
3819	3823	2	2.50	ga
3841	3844	2	2.00	gc
3854	3865	4	3.00	cagg
3889	3892	2	2.00	gc
3898	3903	3	2.00	agc
3913	3916	2	2.00	tc
3974	3979	3	2.00	ctt
4006	4009	2	2.00	gc
4021	4024	2	2.00	gc
4050	4057	4	2.00	caag
4069	4072	2	2.00	at
4100	4108	2	4.50	ga
4113	4116	2	2.00	ag
4133	4136	2	2.00	ca
4153	4156	2	2.00	gt
4173	4176	2	2.00	ca
4225	4232	4	2.00	taaa
4241	4245	2	2.50	ac
4292	4296	2	2.50	tg
4296	4299	2	2.00	tc
4333	4336	2	2.00	ct
4337	4340	2	2.00	gc
4346	4351	3	2.00	aga
4382	4385	2	2.00	tg
4387	4392	3	2.00	aag
4408	4411	2	2.00	ca
4410	4420	5	2.20	caggc
4434	4441	4	2.00	tggt
4458	4465	4	2.00	caag
4492	4496	2	2.50	tg
4514	4517	2	2.00	ga
4523	4526	2	2.00	tc
4529	4532	2	2.00	ct
4555	4558	2	2.00	ca
4560	4563	2	2.00	tc
4601	4604	2	2.00	tc
4645	4651	3	2.33	cca
4674	4679	3	2.00	tag
4710	4713	2	2.00	tc
4813	4821	3	3.00	tta
4853	4857	2	2.50	ag
4862	4867	2	3.00	tg
4869	4872	2	2.00	ag
4876	4879	2	2.00	gt
4887	4895	2	4.50	gt
4898	4901	2	2.00	ca
4915	4918	2	2.00	ct
4922	4927	3	2.00	agg
4934	4939	3	2.00	aag
4945	4948	2	2.00	ga
4993	4997	2	2.50	ag
4995	5003	4	2.25	agaa
5006	5011	3	2.00	aag
5017	5021	2	2.50	tg
5030	5033	2	2.00	gt
5040	5043	2	2.00	ag
5047	5052	3	2.00	ggt
5053	5056	2	2.00	cg
5064	5069	3	2.00	act
5070	5075	3	2.00	tca
5080	5083	2	2.00	ag
5083	5087	2	2.50	gt
5094	5099	3	2.00	agg
5134	5137	2	2.00	tg
5149	5154	2	3.00	tg
5170	5173	2	2.00	gc
5176	5179	2	2.00	tg
5190	5193	2	2.00	ga
5206	5214	2	4.50	tg
5228	5234	3	2.33	agg
5273	5277	2	2.50	gt
5281	5284	2	2.00	tg
5297	5300	2	2.00	ca
5306	5309	2	2.00	ga
5307	5312	3	2.00	aga
5327	5334	4	2.00	gctg
5331	5336	3	2.00	gct
5351	5354	2	2.00	gc
5353	5358	3	2.00	gca
5374	5377	2	2.00	ag
5393	5398	2	3.00	ct
5416	5421	3	2.00	cga
5431	5434	2	2.00	ac
5441	5444	2	2.00	gt
5450	5455	2	3.00	tc
5497	5502	3	2.00	caa
5511	5517	3	2.33	atg
5562	5567	3	2.00	aga
5580	5585	3	2.00	tcc
5593	5596	2	2.00	ag
5605	5608	2	2.00	tg
5627	5630	2	2.00	tc
5634	5637	2	2.00	tg
5668	5673	3	2.00	gct
5682	5686	2	2.50	tc
5700	5704	2	2.50	tg
5713	5720	4	2.00	ttcc
5748	5751	2	2.00	at
5763	5768	2	3.00	at
5790	5795	3	2.00	cct
5816	5822	3	2.33	tgc
5824	5829	3	2.00	acc
5850	5857	4	2.00	cagg
5855	5860	3	2.00	agg
5864	5870	2	3.50	ga
